yr,mnth,dy,Q,R
1978,1,1,7776000,5.51489361702128
1978,1,2,7084800,5.02468085106383
1978,1,3,6739200,4.77957446808511
1978,1,4,6220800,4.41191489361702
1978,1,5,5961600,4.22808510638298
1978,1,6,5702400,4.04425531914894
1978,1,7,5529600,3.92170212765957
1978,1,8,5184000,3.67659574468085
1978,1,9,4924800,3.49276595744681
1978,1,10,4924800,3.49276595744681
1978,1,11,4492800,3.1863829787234
1978,1,12,3888000,2.75744680851064
1978,1,13,3715200,2.63489361702128
1978,1,14,3456000,2.45106382978723
1978,1,15,3283200,2.32851063829787
1978,1,16,3283200,2.32851063829787
1978,1,17,3110400,2.20595744680851
1978,1,18,2937600,2.08340425531915
1978,1,19,2937600,2.08340425531915
1978,1,20,2851200,2.02212765957447
1978,1,21,2764800,1.96085106382979
1978,1,22,2678400,1.89957446808511
1978,1,23,2592000,1.83829787234043
1978,1,24,2592000,1.83829787234043
1978,1,25,2592000,1.83829787234043
1978,1,26,2505600,1.77702127659574
1978,1,27,2505600,1.77702127659574
1978,1,28,2505600,1.77702127659574
1978,1,29,2505600,1.77702127659574
1978,1,30,2505600,1.77702127659574
1978,1,31,2505600,1.77702127659574
1978,2,1,2592000,1.83829787234043
1978,2,2,2592000,1.83829787234043
1978,2,3,3542400,2.51234042553192
1978,2,4,3369600,2.38978723404255
1978,2,5,3196800,2.26723404255319
1978,2,6,3196800,2.26723404255319
1978,2,7,3456000,2.45106382978723
1978,2,8,3801600,2.69617021276596
1978,2,9,3715200,2.63489361702128
1978,2,10,3715200,2.63489361702128
1978,2,11,3715200,2.63489361702128
1978,2,12,3715200,2.63489361702128
1978,2,13,3456000,2.45106382978723
1978,2,14,3801600,2.69617021276596
1978,2,15,4752000,3.37021276595745
1978,2,16,6566400,4.65702127659574
1978,2,17,6739200,4.77957446808511
1978,2,18,6307200,4.4731914893617
1978,2,19,5097600,3.61531914893617
1978,2,20,5097600,3.61531914893617
1978,2,21,10022400,7.10808510638298
1978,2,22,7344000,5.20851063829787
1978,2,23,6220800,4.41191489361702
1978,2,24,5356800,3.79914893617021
1978,2,25,4752000,3.37021276595745
1978,2,26,4320000,3.06382978723404
1978,2,27,4147200,2.94127659574468
1978,2,28,4320000,3.06382978723404
1978,3,1,5011200,3.55404255319149
1978,3,2,4924800,3.49276595744681
1978,3,3,5011200,3.55404255319149
1978,3,4,5097600,3.61531914893617
1978,3,5,5529600,3.92170212765957
1978,3,6,5270400,3.73787234042553
1978,3,7,5270400,3.73787234042553
1978,3,8,5356800,3.79914893617021
1978,3,9,6048000,4.28936170212766
1978,3,10,10195200,7.23063829787234
1978,3,11,7862400,5.57617021276596
1978,3,12,6220800,4.41191489361702
1978,3,13,5443200,3.86042553191489
1978,3,14,4838400,3.43148936170213
1978,3,15,4665600,3.30893617021277
1978,3,16,4492800,3.1863829787234
1978,3,17,4492800,3.1863829787234
1978,3,18,4320000,3.06382978723404
1978,3,19,4492800,3.1863829787234
1978,3,20,4492800,3.1863829787234
1978,3,21,9763200,6.92425531914894
1978,3,22,9331200,6.61787234042553
1978,3,23,7603200,5.39234042553192
1978,3,24,7257600,5.14723404255319
1978,3,25,6912000,4.90212765957447
1978,3,26,6393600,4.53446808510638
1978,3,27,7171200,5.08595744680851
1978,3,28,8726400,6.18893617021277
1978,3,29,7430400,5.26978723404255
1978,3,30,7084800,5.02468085106383
1978,3,31,6566400,4.65702127659574
1978,4,1,5875200,4.1668085106383
1978,4,2,5443200,3.86042553191489
1978,4,3,6220800,4.41191489361702
1978,4,4,6912000,4.90212765957447
1978,4,5,7084800,5.02468085106383
1978,4,6,11577600,8.21106382978724
1978,4,7,11491200,8.14978723404255
1978,4,8,8899200,6.31148936170213
1978,4,9,8467200,6.00510638297872
1978,4,10,9763200,6.92425531914894
1978,4,11,7603200,5.39234042553192
1978,4,12,6480000,4.59574468085106
1978,4,13,6307200,4.4731914893617
1978,4,14,6048000,4.28936170212766
1978,4,15,6912000,4.90212765957447
1978,4,16,8985600,6.37276595744681
1978,4,17,11232000,7.96595744680851
1978,4,18,13996800,9.9268085106383
1978,4,19,11750400,8.3336170212766
1978,4,20,11059200,7.84340425531915
1978,4,21,9936000,7.0468085106383
1978,4,22,9331200,6.61787234042553
1978,4,23,9331200,6.61787234042553
1978,4,24,8899200,6.31148936170213
1978,4,25,8121600,5.76
1978,4,26,7948800,5.63744680851064
1978,4,27,7948800,5.63744680851064
1978,4,28,8035200,5.69872340425532
1978,4,29,7862400,5.57617021276596
1978,4,30,10800000,7.65957446808511
1978,5,1,9936000,7.0468085106383
1978,5,2,9504000,6.74042553191489
1978,5,3,10627200,7.53702127659574
1978,5,4,16934400,12.0102127659574
1978,5,5,14860800,10.5395744680851
1978,5,6,13132800,9.31404255319149
1978,5,7,12700800,9.00765957446809
1978,5,8,12441600,8.82382978723404
1978,5,9,13219200,9.37531914893617
1978,5,10,18144000,12.868085106383
1978,5,11,18144000,12.868085106383
1978,5,12,18662400,13.2357446808511
1978,5,13,19612800,13.9097872340426
1978,5,14,29462400,20.8953191489362
1978,5,15,26179200,18.5668085106383
1978,5,16,18835200,13.3582978723404
1978,5,17,24969600,17.7089361702128
1978,5,18,24451200,17.3412765957447
1978,5,19,17539200,12.4391489361702
1978,5,20,16502400,11.703829787234
1978,5,21,13305600,9.43659574468085
1978,5,22,12441600,8.82382978723404
1978,5,23,12787200,9.06893617021277
1978,5,24,13824000,9.80425531914894
1978,5,25,13478400,9.55914893617021
1978,5,26,15897600,11.2748936170213
1978,5,27,16070400,11.3974468085106
1978,5,28,16502400,11.703829787234
1978,5,29,16934400,12.0102127659574
1978,5,30,16675200,11.8263829787234
1978,5,31,15724800,11.1523404255319
1978,6,1,16243200,11.52
1978,6,2,14860800,10.5395744680851
1978,6,3,12182400,8.64
1978,6,4,11232000,7.96595744680851
1978,6,5,10713600,7.59829787234043
1978,6,6,10368000,7.3531914893617
1978,6,7,11059200,7.84340425531915
1978,6,8,14601600,10.3557446808511
1978,6,9,18662400,13.2357446808511
1978,6,10,21859200,15.5029787234043
1978,6,11,20563200,14.583829787234
1978,6,12,20044800,14.216170212766
1978,6,13,21168000,15.0127659574468
1978,6,14,23587200,16.7285106382979
1978,6,15,23587200,16.7285106382979
1978,6,16,22550400,15.9931914893617
1978,6,17,20822400,14.7676595744681
1978,6,18,20563200,14.583829787234
1978,6,19,20563200,14.583829787234
1978,6,20,20563200,14.583829787234
1978,6,21,15724800,11.1523404255319
1978,6,22,13219200,9.37531914893617
1978,6,23,12009600,8.51744680851064
1978,6,24,12009600,8.51744680851064
1978,6,25,11750400,8.3336170212766
1978,6,26,12441600,8.82382978723404
1978,6,27,13737600,9.74297872340426
1978,6,28,15206400,10.7846808510638
1978,6,29,16502400,11.703829787234
1978,6,30,22204800,15.748085106383
1978,7,1,23932800,16.9736170212766
1978,7,2,17539200,12.4391489361702
1978,7,3,14256000,10.1106382978723
1978,7,4,14256000,10.1106382978723
1978,7,5,13996800,9.9268085106383
1978,7,6,14169600,10.0493617021277
1978,7,7,14601600,10.3557446808511
1978,7,8,15724800,11.1523404255319
1978,7,9,15724800,11.1523404255319
1978,7,10,15206400,10.7846808510638
1978,7,11,14428800,10.2331914893617
1978,7,12,13996800,9.9268085106383
1978,7,13,13737600,9.74297872340426
1978,7,14,13219200,9.37531914893617
1978,7,15,13219200,9.37531914893617
1978,7,16,12009600,8.51744680851064
1978,7,17,12096000,8.57872340425532
1978,7,18,13996800,9.9268085106383
1978,7,19,11491200,8.14978723404255
1978,7,20,10368000,7.3531914893617
1978,7,21,9763200,6.92425531914894
1978,7,22,9417600,6.67914893617021
1978,7,23,9504000,6.74042553191489
1978,7,24,9504000,6.74042553191489
1978,7,25,9504000,6.74042553191489
1978,7,26,8294400,5.88255319148936
1978,7,27,8294400,5.88255319148936
1978,7,28,8294400,5.88255319148936
1978,7,29,8121600,5.76
1978,7,30,7862400,5.57617021276596
1978,7,31,7430400,5.26978723404255
1978,8,1,25401600,18.0153191489362
1978,8,2,19872000,14.0936170212766
1978,8,3,26870400,19.0570212765957
1978,8,4,25401600,18.0153191489362
1978,8,5,22377600,15.8706382978723
1978,8,6,17798400,12.6229787234043
1978,8,7,14256000,10.1106382978723
1978,8,8,12009600,8.51744680851064
1978,8,9,10627200,7.53702127659574
1978,8,10,8294400,5.88255319148936
1978,8,11,9849600,6.98553191489362
1978,8,12,9331200,6.61787234042553
1978,8,13,9158400,6.49531914893617
1978,8,14,8035200,5.69872340425532
1978,8,15,7430400,5.26978723404255
1978,8,16,7171200,5.08595744680851
1978,8,17,10800000,7.65957446808511
1978,8,18,22550400,15.9931914893617
1978,8,19,17107200,12.1327659574468
1978,8,20,12700800,9.00765957446809
1978,8,21,10368000,7.3531914893617
1978,8,22,9158400,6.49531914893617
1978,8,23,8294400,5.88255319148936
1978,8,24,7862400,5.57617021276596
1978,8,25,7603200,5.39234042553192
1978,8,26,6912000,4.90212765957447
1978,8,27,6307200,4.4731914893617
1978,8,28,5875200,4.1668085106383
1978,8,29,5529600,3.92170212765957
1978,8,30,5356800,3.79914893617021
1978,8,31,5356800,3.79914893617021
1978,9,1,5356800,3.79914893617021
1978,9,2,5184000,3.67659574468085
1978,9,3,4838400,3.43148936170213
1978,9,4,6393600,4.53446808510638
1978,9,5,5356800,3.79914893617021
1978,9,6,5270400,3.73787234042553
1978,9,7,4924800,3.49276595744681
1978,9,8,4665600,3.30893617021277
1978,9,9,4579200,3.24765957446809
1978,9,10,4752000,3.37021276595745
1978,9,11,5097600,3.61531914893617
1978,9,12,4752000,3.37021276595745
1978,9,13,4406400,3.12510638297872
1978,9,14,4320000,3.06382978723404
1978,9,15,4060800,2.88
1978,9,16,3974400,2.81872340425532
1978,9,17,3974400,2.81872340425532
1978,9,18,4406400,3.12510638297872
1978,9,19,7430400,5.26978723404255
1978,9,20,5184000,3.67659574468085
1978,9,21,4665600,3.30893617021277
1978,9,22,4579200,3.24765957446809
1978,9,23,4060800,2.88
1978,9,24,5356800,3.79914893617021
1978,9,25,7257600,5.14723404255319
1978,9,26,6048000,4.28936170212766
1978,9,27,4665600,3.30893617021277
1978,9,28,4320000,3.06382978723404
1978,9,29,4147200,2.94127659574468
1978,9,30,4406400,3.12510638297872
1978,10,1,10627200,7.53702127659574
1978,10,2,7430400,5.26978723404255
1978,10,3,5788800,4.10553191489362
1978,10,4,5097600,3.61531914893617
1978,10,5,4838400,3.43148936170213
1978,10,6,4492800,3.1863829787234
1978,10,7,4320000,3.06382978723404
1978,10,8,4060800,2.88
1978,10,9,3801600,2.69617021276596
1978,10,10,3456000,2.45106382978723
1978,10,11,3456000,2.45106382978723
1978,10,12,3369600,2.38978723404255
1978,10,13,3369600,2.38978723404255
1978,10,14,3283200,2.32851063829787
1978,10,15,3110400,2.20595744680851
1978,10,16,3110400,2.20595744680851
1978,10,17,2937600,2.08340425531915
1978,10,18,2937600,2.08340425531915
1978,10,19,2851200,2.02212765957447
1978,10,20,2851200,2.02212765957447
1978,10,21,2851200,2.02212765957447
1978,10,22,2851200,2.02212765957447
1978,10,23,24364800,17.28
1978,10,24,15724800,11.1523404255319
1978,10,25,10368000,7.3531914893617
1978,10,26,8121600,5.76
1978,10,27,32313600,22.9174468085106
1978,10,28,30672000,21.7531914893617
1978,10,29,18662400,13.2357446808511
1978,10,30,12441600,8.82382978723404
1978,10,31,11750400,8.3336170212766
1978,11,1,11232000,7.96595744680851
1978,11,2,9849600,6.98553191489362
1978,11,3,8035200,5.69872340425532
1978,11,4,7084800,5.02468085106383
1978,11,5,6912000,4.90212765957447
1978,11,6,6134400,4.35063829787234
1978,11,7,5875200,4.1668085106383
1978,11,8,5443200,3.86042553191489
1978,11,9,5356800,3.79914893617021
1978,11,10,5011200,3.55404255319149
1978,11,11,4665600,3.30893617021277
1978,11,12,4492800,3.1863829787234
1978,11,13,4320000,3.06382978723404
1978,11,14,4060800,2.88
1978,11,15,3801600,2.69617021276596
1978,11,16,3715200,2.63489361702128
1978,11,17,3369600,2.38978723404255
1978,11,18,3110400,2.20595744680851
1978,11,19,3196800,2.26723404255319
1978,11,20,3110400,2.20595744680851
1978,11,21,3196800,2.26723404255319
1978,11,22,3283200,2.32851063829787
1978,11,23,3196800,2.26723404255319
1978,11,24,3110400,2.20595744680851
1978,11,25,2937600,2.08340425531915
1978,11,26,2937600,2.08340425531915
1978,11,27,2937600,2.08340425531915
1978,11,28,2937600,2.08340425531915
1978,11,29,2937600,2.08340425531915
1978,11,30,2937600,2.08340425531915
1978,12,1,3888000,2.75744680851064
1978,12,2,4320000,3.06382978723404
1978,12,3,4233600,3.00255319148936
1978,12,4,4060800,2.88
1978,12,5,4060800,2.88
1978,12,6,4924800,3.49276595744681
1978,12,7,5875200,4.1668085106383
1978,12,8,5356800,3.79914893617021
1978,12,9,5011200,3.55404255319149
1978,12,10,4665600,3.30893617021277
1978,12,11,4060800,2.88
1978,12,12,3715200,2.63489361702128
1978,12,13,3715200,2.63489361702128
1978,12,14,4406400,3.12510638297872
1978,12,15,8121600,5.76
1978,12,16,10022400,7.10808510638298
1978,12,17,7257600,5.14723404255319
1978,12,18,6048000,4.28936170212766
1978,12,19,5270400,3.73787234042553
1978,12,20,4752000,3.37021276595745
1978,12,21,4320000,3.06382978723404
1978,12,22,4060800,2.88
1978,12,23,3801600,2.69617021276596
1978,12,24,3542400,2.51234042553192
1978,12,25,3456000,2.45106382978723
1978,12,26,3801600,2.69617021276596
1978,12,27,4147200,2.94127659574468
1978,12,28,4752000,3.37021276595745
1978,12,29,5270400,3.73787234042553
1978,12,30,5616000,3.98297872340426
1978,12,31,5875200,4.1668085106383
1979,1,1,6393600,4.53446808510638
1979,1,2,13737600,9.74297872340426
1979,1,3,23241600,16.4834042553191
1979,1,4,24969600,17.7089361702128
1979,1,5,13305600,9.43659574468085
1979,1,6,9936000,7.0468085106383
1979,1,7,8294400,5.88255319148936
1979,1,8,6307200,4.4731914893617
1979,1,9,5702400,4.04425531914894
1979,1,10,5184000,3.67659574468085
1979,1,11,4924800,3.49276595744681
1979,1,12,4752000,3.37021276595745
1979,1,13,4665600,3.30893617021277
1979,1,14,4579200,3.24765957446809
1979,1,15,4406400,3.12510638297872
1979,1,16,4147200,2.94127659574468
1979,1,17,3974400,2.81872340425532
1979,1,18,3801600,2.69617021276596
1979,1,19,3888000,2.75744680851064
1979,1,20,5011200,3.55404255319149
1979,1,21,5443200,3.86042553191489
1979,1,22,4752000,3.37021276595745
1979,1,23,4147200,2.94127659574468
1979,1,24,3888000,2.75744680851064
1979,1,25,3715200,2.63489361702128
1979,1,26,3542400,2.51234042553192
1979,1,27,3542400,2.51234042553192
1979,1,28,3369600,2.38978723404255
1979,1,29,3110400,2.20595744680851
1979,1,30,3024000,2.14468085106383
1979,1,31,4147200,2.94127659574468
1979,2,1,10627200,7.53702127659574
1979,2,2,11750400,8.3336170212766
1979,2,3,7776000,5.51489361702128
1979,2,4,6307200,4.4731914893617
1979,2,5,5529600,3.92170212765957
1979,2,6,7084800,5.02468085106383
1979,2,7,6480000,4.59574468085106
1979,2,8,6307200,4.4731914893617
1979,2,9,6480000,4.59574468085106
1979,2,10,6048000,4.28936170212766
1979,2,11,6134400,4.35063829787234
1979,2,12,6307200,4.4731914893617
1979,2,13,6134400,4.35063829787234
1979,2,14,7171200,5.08595744680851
1979,2,15,11232000,7.96595744680851
1979,2,16,10368000,7.3531914893617
1979,2,17,8899200,6.31148936170213
1979,2,18,8035200,5.69872340425532
1979,2,19,6307200,4.4731914893617
1979,2,20,5788800,4.10553191489362
1979,2,21,5184000,3.67659574468085
1979,2,22,4838400,3.43148936170213
1979,2,23,4406400,3.12510638297872
1979,2,24,4147200,2.94127659574468
1979,2,25,3974400,2.81872340425532
1979,2,26,4406400,3.12510638297872
1979,2,27,3542400,2.51234042553192
1979,2,28,3456000,2.45106382978723
1979,3,1,3369600,2.38978723404255
1979,3,2,3110400,2.20595744680851
1979,3,3,3110400,2.20595744680851
1979,3,4,3283200,2.32851063829787
1979,3,5,3110400,2.20595744680851
1979,3,6,3110400,2.20595744680851
1979,3,7,3110400,2.20595744680851
1979,3,8,3110400,2.20595744680851
1979,3,9,3110400,2.20595744680851
1979,3,10,3456000,2.45106382978723
1979,3,11,3542400,2.51234042553192
1979,3,12,3542400,2.51234042553192
1979,3,13,3542400,2.51234042553192
1979,3,14,4233600,3.00255319148936
1979,3,15,4233600,3.00255319148936
1979,3,16,5184000,3.67659574468085
1979,3,17,5184000,3.67659574468085
1979,3,18,7948800,5.63744680851064
1979,3,19,8035200,5.69872340425532
1979,3,20,6912000,4.90212765957447
1979,3,21,8726400,6.18893617021277
1979,3,22,8899200,6.31148936170213
1979,3,23,7862400,5.57617021276596
1979,3,24,7862400,5.57617021276596
1979,3,25,7171200,5.08595744680851
1979,3,26,6566400,4.65702127659574
1979,3,27,5961600,4.22808510638298
1979,3,28,5702400,4.04425531914894
1979,3,29,5788800,4.10553191489362
1979,3,30,6480000,4.59574468085106
1979,3,31,9244800,6.55659574468085
1979,4,1,11059200,7.84340425531915
1979,4,2,11491200,8.14978723404255
1979,4,3,12700800,9.00765957446809
1979,4,4,21600000,15.3191489361702
1979,4,5,21427200,15.1965957446809
1979,4,6,14860800,10.5395744680851
1979,4,7,12614400,8.9463829787234
1979,4,8,13996800,9.9268085106383
1979,4,9,16848000,11.9489361702128
1979,4,10,18230400,12.9293617021277
1979,4,11,15206400,10.7846808510638
1979,4,12,12096000,8.57872340425532
1979,4,13,10281600,7.29191489361702
1979,4,14,9763200,6.92425531914894
1979,4,15,8899200,6.31148936170213
1979,4,16,8553600,6.0663829787234
1979,4,17,8121600,5.76
1979,4,18,7862400,5.57617021276596
1979,4,19,10195200,7.23063829787234
1979,4,20,13996800,9.9268085106383
1979,4,21,10627200,7.53702127659574
1979,4,22,8812800,6.25021276595745
1979,4,23,7430400,5.26978723404255
1979,4,24,6739200,4.77957446808511
1979,4,25,6825600,4.84085106382979
1979,4,26,6912000,4.90212765957447
1979,4,27,7603200,5.39234042553192
1979,4,28,9849600,6.98553191489362
1979,4,29,11491200,8.14978723404255
1979,4,30,15206400,10.7846808510638
1979,5,1,20217600,14.3387234042553
1979,5,2,21427200,15.1965957446809
1979,5,3,25228800,17.8927659574468
1979,5,4,25747200,18.2604255319149
1979,5,5,22032000,15.6255319148936
1979,5,6,20563200,14.583829787234
1979,5,7,21859200,15.5029787234043
1979,5,8,22896000,16.2382978723404
1979,5,9,22636800,16.0544680851064
1979,5,10,25056000,17.7702127659574
1979,5,11,26697600,18.9344680851064
1979,5,12,27129600,19.2408510638298
1979,5,13,28166400,19.976170212766
1979,5,14,30067200,21.3242553191489
1979,5,15,28598400,20.2825531914894
1979,5,16,26697600,18.9344680851064
1979,5,17,24364800,17.28
1979,5,18,23673600,16.7897872340426
1979,5,19,23500800,16.6672340425532
1979,5,20,22464000,15.931914893617
1979,5,21,22204800,15.748085106383
1979,5,22,24364800,17.28
1979,5,23,24796800,17.5863829787234
1979,5,24,27129600,19.2408510638298
1979,5,25,28598400,20.2825531914894
1979,5,26,27648000,19.6085106382979
1979,5,27,27648000,19.6085106382979
1979,5,28,27648000,19.6085106382979
1979,5,29,27129600,19.2408510638298
1979,5,30,25228800,17.8927659574468
1979,5,31,23500800,16.6672340425532
1979,6,1,23932800,16.9736170212766
1979,6,2,23068800,16.3608510638298
1979,6,3,21600000,15.3191489361702
1979,6,4,22032000,15.6255319148936
1979,6,5,21427200,15.1965957446809
1979,6,6,20044800,14.216170212766
1979,6,7,16070400,11.3974468085106
1979,6,8,16070400,11.3974468085106
1979,6,9,16675200,11.8263829787234
1979,6,10,17020800,12.0714893617021
1979,6,11,17020800,12.0714893617021
1979,6,12,17798400,12.6229787234043
1979,6,13,16848000,11.9489361702128
1979,6,14,15292800,10.8459574468085
1979,6,15,14256000,10.1106382978723
1979,6,16,14169600,10.0493617021277
1979,6,17,14860800,10.5395744680851
1979,6,18,14860800,10.5395744680851
1979,6,19,14860800,10.5395744680851
1979,6,20,14688000,10.4170212765957
1979,6,21,14601600,10.3557446808511
1979,6,22,14256000,10.1106382978723
1979,6,23,13737600,9.74297872340426
1979,6,24,12960000,9.19148936170213
1979,6,25,11836800,8.39489361702128
1979,6,26,11577600,8.21106382978724
1979,6,27,11059200,7.84340425531915
1979,6,28,11404800,8.08851063829787
1979,6,29,12182400,8.64
1979,6,30,12441600,8.82382978723404
1979,7,1,12009600,8.51744680851064
1979,7,2,11232000,7.96595744680851
1979,7,3,10195200,7.23063829787234
1979,7,4,9504000,6.74042553191489
1979,7,5,9763200,6.92425531914894
1979,7,6,15638400,11.0910638297872
1979,7,7,13737600,9.74297872340426
1979,7,8,10281600,7.29191489361702
1979,7,9,9504000,6.74042553191489
1979,7,10,8380800,5.94382978723404
1979,7,11,11232000,7.96595744680851
1979,7,12,18576000,13.1744680851064
1979,7,13,12700800,9.00765957446809
1979,7,14,10022400,7.10808510638298
1979,7,15,8899200,6.31148936170213
1979,7,16,8380800,5.94382978723404
1979,7,17,8726400,6.18893617021277
1979,7,18,8121600,5.76
1979,7,19,7862400,5.57617021276596
1979,7,20,7862400,5.57617021276596
1979,7,21,7862400,5.57617021276596
1979,7,22,7776000,5.51489361702128
1979,7,23,7862400,5.57617021276596
1979,7,24,7516800,5.33106382978723
1979,7,25,6998400,4.96340425531915
1979,7,26,6912000,4.90212765957447
1979,7,27,7430400,5.26978723404255
1979,7,28,6566400,4.65702127659574
1979,7,29,6134400,4.35063829787234
1979,7,30,6825600,4.84085106382979
1979,7,31,8035200,5.69872340425532
1979,8,1,6912000,4.90212765957447
1979,8,2,6480000,4.59574468085106
1979,8,3,6307200,4.4731914893617
1979,8,4,6307200,4.4731914893617
1979,8,5,7084800,5.02468085106383
1979,8,6,5788800,4.10553191489362
1979,8,7,5702400,4.04425531914894
1979,8,8,5702400,4.04425531914894
1979,8,9,5529600,3.92170212765957
1979,8,10,5529600,3.92170212765957
1979,8,11,5443200,3.86042553191489
1979,8,12,5184000,3.67659574468085
1979,8,13,5011200,3.55404255319149
1979,8,14,4924800,3.49276595744681
1979,8,15,4924800,3.49276595744681
1979,8,16,6480000,4.59574468085106
1979,8,17,5702400,4.04425531914894
1979,8,18,5356800,3.79914893617021
1979,8,19,4838400,3.43148936170213
1979,8,20,4406400,3.12510638297872
1979,8,21,4233600,3.00255319148936
1979,8,22,4147200,2.94127659574468
1979,8,23,3801600,2.69617021276596
1979,8,24,3801600,2.69617021276596
1979,8,25,3715200,2.63489361702128
1979,8,26,3715200,2.63489361702128
1979,8,27,3542400,2.51234042553192
1979,8,28,3456000,2.45106382978723
1979,8,29,3456000,2.45106382978723
1979,8,30,3110400,2.20595744680851
1979,8,31,3110400,2.20595744680851
1979,9,1,3283200,2.32851063829787
1979,9,2,3110400,2.20595744680851
1979,9,3,2937600,2.08340425531915
1979,9,4,3024000,2.14468085106383
1979,9,5,3024000,2.14468085106383
1979,9,6,2764800,1.96085106382979
1979,9,7,2419200,1.71574468085106
1979,9,8,2332800,1.65446808510638
1979,9,9,2764800,1.96085106382979
1979,9,10,2851200,2.02212765957447
1979,9,11,2332800,1.65446808510638
1979,9,12,2073600,1.47063829787234
1979,9,13,2073600,1.47063829787234
1979,9,14,2073600,1.47063829787234
1979,9,15,2073600,1.47063829787234
1979,9,16,2073600,1.47063829787234
1979,9,17,4924800,3.49276595744681
1979,9,18,6998400,4.96340425531915
1979,9,19,3801600,2.69617021276596
1979,9,20,3110400,2.20595744680851
1979,9,21,2678400,1.89957446808511
1979,9,22,2419200,1.71574468085106
1979,9,23,2332800,1.65446808510638
1979,9,24,2073600,1.47063829787234
1979,9,25,2073600,1.47063829787234
1979,9,26,1900800,1.34808510638298
1979,9,27,1900800,1.34808510638298
1979,9,28,1900800,1.34808510638298
1979,9,29,1814400,1.2868085106383
1979,9,30,1728000,1.22553191489362
1979,10,1,1728000,1.22553191489362
1979,10,2,1814400,1.2868085106383
1979,10,3,1900800,1.34808510638298
1979,10,4,1814400,1.2868085106383
1979,10,5,1641600,1.16425531914894
1979,10,6,1555200,1.10297872340426
1979,10,7,1555200,1.10297872340426
1979,10,8,1728000,1.22553191489362
1979,10,9,1641600,1.16425531914894
1979,10,10,1468800,1.04170212765957
1979,10,11,1468800,1.04170212765957
1979,10,12,1641600,1.16425531914894
1979,10,13,1641600,1.16425531914894
1979,10,14,2851200,2.02212765957447
1979,10,15,2419200,1.71574468085106
1979,10,16,2073600,1.47063829787234
1979,10,17,1641600,1.16425531914894
1979,10,18,1555200,1.10297872340426
1979,10,19,1641600,1.16425531914894
1979,10,20,6307200,4.4731914893617
1979,10,21,6307200,4.4731914893617
1979,10,22,3974400,2.81872340425532
1979,10,23,3456000,2.45106382978723
1979,10,24,6739200,4.77957446808511
1979,10,25,5184000,3.67659574468085
1979,10,26,4406400,3.12510638297872
1979,10,27,3801600,2.69617021276596
1979,10,28,3283200,2.32851063829787
1979,10,29,3110400,2.20595744680851
1979,10,30,3024000,2.14468085106383
1979,10,31,7257600,5.14723404255319
1979,11,1,21427200,15.1965957446809
1979,11,2,51148800,36.2757446808511
1979,11,3,19440000,13.7872340425532
1979,11,4,14256000,10.1106382978723
1979,11,5,9158400,6.49531914893617
1979,11,6,7430400,5.26978723404255
1979,11,7,6912000,4.90212765957447
1979,11,8,10627200,7.53702127659574
1979,11,9,13996800,9.9268085106383
1979,11,10,10022400,7.10808510638298
1979,11,11,8035200,5.69872340425532
1979,11,12,7084800,5.02468085106383
1979,11,13,6480000,4.59574468085106
1979,11,14,8899200,6.31148936170213
1979,11,15,11059200,7.84340425531915
1979,11,16,7862400,5.57617021276596
1979,11,17,6912000,4.90212765957447
1979,11,18,6048000,4.28936170212766
1979,11,19,5788800,4.10553191489362
1979,11,20,5356800,3.79914893617021
1979,11,21,5184000,3.67659574468085
1979,11,22,5961600,4.22808510638298
1979,11,23,5616000,3.98297872340426
1979,11,24,5788800,4.10553191489362
1979,11,25,5788800,4.10553191489362
1979,11,26,5356800,3.79914893617021
1979,11,27,5529600,3.92170212765957
1979,11,28,8985600,6.37276595744681
1979,11,29,14601600,10.3557446808511
1979,11,30,13996800,9.9268085106383
1979,12,1,8380800,5.94382978723404
1979,12,2,6652800,4.71829787234043
1979,12,3,7084800,5.02468085106383
1979,12,4,6739200,4.77957446808511
1979,12,5,6307200,4.4731914893617
1979,12,6,5702400,4.04425531914894
1979,12,7,5529600,3.92170212765957
1979,12,8,5270400,3.73787234042553
1979,12,9,6307200,4.4731914893617
1979,12,10,7171200,5.08595744680851
1979,12,11,7084800,5.02468085106383
1979,12,12,7257600,5.14723404255319
1979,12,13,7430400,5.26978723404255
1979,12,14,7948800,5.63744680851064
1979,12,15,8467200,6.00510638297872
1979,12,16,6739200,4.77957446808511
1979,12,17,5702400,4.04425531914894
1979,12,18,5011200,3.55404255319149
1979,12,19,4752000,3.37021276595745
1979,12,20,4752000,3.37021276595745
1979,12,21,4579200,3.24765957446809
1979,12,22,4147200,2.94127659574468
1979,12,23,4147200,2.94127659574468
1979,12,24,3974400,2.81872340425532
1979,12,25,3888000,2.75744680851064
1979,12,26,3715200,2.63489361702128
1979,12,27,3628800,2.5736170212766
1979,12,28,3542400,2.51234042553192
1979,12,29,3456000,2.45106382978723
1979,12,30,3456000,2.45106382978723
1979,12,31,3456000,2.45106382978723
1980,1,1,3542400,2.51234042553192
1980,1,2,3715200,2.63489361702128
1980,1,3,3974400,2.81872340425532
1980,1,4,3801600,2.69617021276596
1980,1,5,3801600,2.69617021276596
1980,1,6,3715200,2.63489361702128
1980,1,7,3542400,2.51234042553192
1980,1,8,3456000,2.45106382978723
1980,1,9,3456000,2.45106382978723
1980,1,10,3456000,2.45106382978723
1980,1,11,3369600,2.38978723404255
1980,1,12,3283200,2.32851063829787
1980,1,13,2851200,2.02212765957447
1980,1,14,2678400,1.89957446808511
1980,1,15,2419200,1.71574468085106
1980,1,16,2419200,1.71574468085106
1980,1,17,2419200,1.71574468085106
1980,1,18,2419200,1.71574468085106
1980,1,19,2419200,1.71574468085106
1980,1,20,2419200,1.71574468085106
1980,1,21,2332800,1.65446808510638
1980,1,22,2246400,1.5931914893617
1980,1,23,2160000,1.53191489361702
1980,1,24,2160000,1.53191489361702
1980,1,25,2073600,1.47063829787234
1980,1,26,2073600,1.47063829787234
1980,1,27,2073600,1.47063829787234
1980,1,28,5356800,3.79914893617021
1980,1,29,4060800,2.88
1980,1,30,3542400,2.51234042553192
1980,1,31,2592000,1.83829787234043
1980,2,1,2419200,1.71574468085106
1980,2,2,2332800,1.65446808510638
1980,2,3,2073600,1.47063829787234
1980,2,4,2073600,1.47063829787234
1980,2,5,2160000,1.53191489361702
1980,2,6,2332800,1.65446808510638
1980,2,7,2419200,1.71574468085106
1980,2,8,2419200,1.71574468085106
1980,2,9,2419200,1.71574468085106
1980,2,10,2419200,1.71574468085106
1980,2,11,2332800,1.65446808510638
1980,2,12,2332800,1.65446808510638
1980,2,13,2246400,1.5931914893617
1980,2,14,2160000,1.53191489361702
1980,2,15,2160000,1.53191489361702
1980,2,16,2073600,1.47063829787234
1980,2,17,2073600,1.47063829787234
1980,2,18,2073600,1.47063829787234
1980,2,19,2073600,1.47063829787234
1980,2,20,2073600,1.47063829787234
1980,2,21,2073600,1.47063829787234
1980,2,22,2073600,1.47063829787234
1980,2,23,2073600,1.47063829787234
1980,2,24,1900800,1.34808510638298
1980,2,25,1814400,1.2868085106383
1980,2,26,1814400,1.2868085106383
1980,2,27,1728000,1.22553191489362
1980,2,28,1728000,1.22553191489362
1980,2,29,1728000,1.22553191489362
1980,3,1,1641600,1.16425531914894
1980,3,2,1641600,1.16425531914894
1980,3,3,1641600,1.16425531914894
1980,3,4,1728000,1.22553191489362
1980,3,5,1728000,1.22553191489362
1980,3,6,1728000,1.22553191489362
1980,3,7,1728000,1.22553191489362
1980,3,8,1814400,1.2868085106383
1980,3,9,1900800,1.34808510638298
1980,3,10,2073600,1.47063829787234
1980,3,11,2505600,1.77702127659574
1980,3,12,2764800,1.96085106382979
1980,3,13,2764800,1.96085106382979
1980,3,14,2592000,1.83829787234043
1980,3,15,2419200,1.71574468085106
1980,3,16,2332800,1.65446808510638
1980,3,17,2332800,1.65446808510638
1980,3,18,2332800,1.65446808510638
1980,3,19,2332800,1.65446808510638
1980,3,20,2332800,1.65446808510638
1980,3,21,2160000,1.53191489361702
1980,3,22,2160000,1.53191489361702
1980,3,23,2419200,1.71574468085106
1980,3,24,3542400,2.51234042553192
1980,3,25,5788800,4.10553191489362
1980,3,26,9504000,6.74042553191489
1980,3,27,9504000,6.74042553191489
1980,3,28,9936000,7.0468085106383
1980,3,29,16675200,11.8263829787234
1980,3,30,12960000,9.19148936170213
1980,3,31,9417600,6.67914893617021
1980,4,1,8899200,6.31148936170213
1980,4,2,8812800,6.25021276595745
1980,4,3,9936000,7.0468085106383
1980,4,4,10195200,7.23063829787234
1980,4,5,11750400,8.3336170212766
1980,4,6,12700800,9.00765957446809
1980,4,7,11059200,7.84340425531915
1980,4,8,13478400,9.55914893617021
1980,4,9,34646400,24.571914893617
1980,4,10,39571200,28.0646808510638
1980,4,11,45100800,31.9863829787234
1980,4,12,28166400,19.976170212766
1980,4,13,17625600,12.5004255319149
1980,4,14,13651200,9.68170212765957
1980,4,15,11750400,8.3336170212766
1980,4,16,10195200,7.23063829787234
1980,4,17,9244800,6.55659574468085
1980,4,18,8035200,5.69872340425532
1980,4,19,7603200,5.39234042553192
1980,4,20,7776000,5.51489361702128
1980,4,21,10195200,7.23063829787234
1980,4,22,13737600,9.74297872340426
1980,4,23,15206400,10.7846808510638
1980,4,24,17193600,12.1940425531915
1980,4,25,18576000,13.1744680851064
1980,4,26,17452800,12.3778723404255
1980,4,27,14860800,10.5395744680851
1980,4,28,12441600,8.82382978723404
1980,4,29,11577600,8.21106382978724
1980,4,30,12182400,8.64
1980,5,1,12441600,8.82382978723404
1980,5,2,13478400,9.55914893617021
1980,5,3,17020800,12.0714893617021
1980,5,4,24364800,17.28
1980,5,5,20390400,14.4612765957447
1980,5,6,20563200,14.583829787234
1980,5,7,21859200,15.5029787234043
1980,5,8,21427200,15.1965957446809
1980,5,9,23932800,16.9736170212766
1980,5,10,24364800,17.28
1980,5,11,22204800,15.748085106383
1980,5,12,22636800,16.0544680851064
1980,5,13,36115200,25.6136170212766
1980,5,14,55123200,39.0944680851064
1980,5,15,36633600,25.9812765957447
1980,5,16,26179200,18.5668085106383
1980,5,17,22204800,15.748085106383
1980,5,18,24537600,17.4025531914894
1980,5,19,26697600,18.9344680851064
1980,5,20,26697600,18.9344680851064
1980,5,21,26697600,18.9344680851064
1980,5,22,29376000,20.8340425531915
1980,5,23,32227200,22.856170212766
1980,5,24,26179200,18.5668085106383
1980,5,25,19008000,13.4808510638298
1980,5,26,18835200,13.3582978723404
1980,5,27,22636800,16.0544680851064
1980,5,28,18835200,13.3582978723404
1980,5,29,17971200,12.7455319148936
1980,5,30,17971200,12.7455319148936
1980,5,31,17971200,12.7455319148936
1980,6,1,18230400,12.9293617021277
1980,6,2,18403200,13.051914893617
1980,6,3,20044800,14.216170212766
1980,6,4,19440000,13.7872340425532
1980,6,5,15206400,10.7846808510638
1980,6,6,13219200,9.37531914893617
1980,6,7,13219200,9.37531914893617
1980,6,8,13305600,9.43659574468085
1980,6,9,13305600,9.43659574468085
1980,6,10,12441600,8.82382978723404
1980,6,11,11145600,7.90468085106383
1980,6,12,12441600,8.82382978723404
1980,6,13,17452800,12.3778723404255
1980,6,14,16070400,11.3974468085106
1980,6,15,13478400,9.55914893617021
1980,6,16,12009600,8.51744680851064
1980,6,17,11491200,8.14978723404255
1980,6,18,11404800,8.08851063829787
1980,6,19,11059200,7.84340425531915
1980,6,20,10800000,7.65957446808511
1980,6,21,10800000,7.65957446808511
1980,6,22,10800000,7.65957446808511
1980,6,23,11145600,7.90468085106383
1980,6,24,11404800,8.08851063829787
1980,6,25,10886400,7.72085106382979
1980,6,26,10713600,7.59829787234043
1980,6,27,10800000,7.65957446808511
1980,6,28,11232000,7.96595744680851
1980,6,29,11491200,8.14978723404255
1980,6,30,10195200,7.23063829787234
1980,7,1,8726400,6.18893617021277
1980,7,2,8553600,6.0663829787234
1980,7,3,8380800,5.94382978723404
1980,7,4,7862400,5.57617021276596
1980,7,5,7776000,5.51489361702128
1980,7,6,7862400,5.57617021276596
1980,7,7,8553600,6.0663829787234
1980,7,8,8035200,5.69872340425532
1980,7,9,7344000,5.20851063829787
1980,7,10,7344000,5.20851063829787
1980,7,11,7257600,5.14723404255319
1980,7,12,7257600,5.14723404255319
1980,7,13,7257600,5.14723404255319
1980,7,14,6566400,4.65702127659574
1980,7,15,6048000,4.28936170212766
1980,7,16,6048000,4.28936170212766
1980,7,17,5788800,4.10553191489362
1980,7,18,5529600,3.92170212765957
1980,7,19,5270400,3.73787234042553
1980,7,20,5011200,3.55404255319149
1980,7,21,4924800,3.49276595744681
1980,7,22,4924800,3.49276595744681
1980,7,23,4924800,3.49276595744681
1980,7,24,4924800,3.49276595744681
1980,7,25,4924800,3.49276595744681
1980,7,26,4924800,3.49276595744681
1980,7,27,4579200,3.24765957446809
1980,7,28,4233600,3.00255319148936
1980,7,29,3974400,2.81872340425532
1980,7,30,4233600,3.00255319148936
1980,7,31,4406400,3.12510638297872
1980,8,1,3974400,2.81872340425532
1980,8,2,3628800,2.5736170212766
1980,8,3,4752000,3.37021276595745
1980,8,4,6480000,4.59574468085106
1980,8,5,5702400,4.04425531914894
1980,8,6,5356800,3.79914893617021
1980,8,7,4320000,3.06382978723404
1980,8,8,3628800,2.5736170212766
1980,8,9,3283200,2.32851063829787
1980,8,10,3024000,2.14468085106383
1980,8,11,2851200,2.02212765957447
1980,8,12,3110400,2.20595744680851
1980,8,13,3024000,2.14468085106383
1980,8,14,2851200,2.02212765957447
1980,8,15,2851200,2.02212765957447
1980,8,16,2851200,2.02212765957447
1980,8,17,2764800,1.96085106382979
1980,8,18,2764800,1.96085106382979
1980,8,19,2592000,1.83829787234043
1980,8,20,2592000,1.83829787234043
1980,8,21,3024000,2.14468085106383
1980,8,22,2505600,1.77702127659574
1980,8,23,2419200,1.71574468085106
1980,8,24,2419200,1.71574468085106
1980,8,25,2419200,1.71574468085106
1980,8,26,3369600,2.38978723404255
1980,8,27,3974400,2.81872340425532
1980,8,28,2764800,1.96085106382979
1980,8,29,2419200,1.71574468085106
1980,8,30,2160000,1.53191489361702
1980,8,31,1987200,1.40936170212766
1980,9,1,1900800,1.34808510638298
1980,9,2,1814400,1.2868085106383
1980,9,3,1814400,1.2868085106383
1980,9,4,1900800,1.34808510638298
1980,9,5,1900800,1.34808510638298
1980,9,6,12096000,8.57872340425532
1980,9,7,17452800,12.3778723404255
1980,9,8,9763200,6.92425531914894
1980,9,9,63244800,44.8544680851064
1980,9,10,5529600,3.92170212765957
1980,9,11,5702400,4.04425531914894
1980,9,12,4147200,2.94127659574468
1980,9,13,4060800,2.88
1980,9,14,5529600,3.92170212765957
1980,9,15,6307200,4.4731914893617
1980,9,16,10627200,7.53702127659574
1980,9,17,16848000,11.9489361702128
1980,9,18,15811200,11.2136170212766
1980,9,19,13737600,9.74297872340426
1980,9,20,10800000,7.65957446808511
1980,9,21,9763200,6.92425531914894
1980,9,22,8467200,6.00510638297872
1980,9,23,7430400,5.26978723404255
1980,9,24,6998400,4.96340425531915
1980,9,25,6998400,4.96340425531915
1980,9,26,6912000,4.90212765957447
1980,9,27,6393600,4.53446808510638
1980,9,28,6307200,4.4731914893617
1980,9,29,9331200,6.61787234042553
1980,9,30,17971200,12.7455319148936
1980,10,1,11491200,8.14978723404255
1980,10,2,9763200,6.92425531914894
1980,10,3,6825600,4.84085106382979
1980,10,4,16675200,11.8263829787234
1980,10,5,17193600,12.1940425531915
1980,10,6,14688000,10.4170212765957
1980,10,7,12009600,8.51744680851064
1980,10,8,12096000,8.57872340425532
1980,10,9,9936000,7.0468085106383
1980,10,10,10281600,7.29191489361702
1980,10,11,9763200,6.92425531914894
1980,10,12,9331200,6.61787234042553
1980,10,13,8812800,6.25021276595745
1980,10,14,7430400,5.26978723404255
1980,10,15,6912000,4.90212765957447
1980,10,16,6566400,4.65702127659574
1980,10,17,6220800,4.41191489361702
1980,10,18,5875200,4.1668085106383
1980,10,19,5702400,4.04425531914894
1980,10,20,5356800,3.79914893617021
1980,10,21,5011200,3.55404255319149
1980,10,22,4579200,3.24765957446809
1980,10,23,4406400,3.12510638297872
1980,10,24,4406400,3.12510638297872
1980,10,25,4320000,3.06382978723404
1980,10,26,4320000,3.06382978723404
1980,10,27,4492800,3.1863829787234
1980,10,28,4752000,3.37021276595745
1980,10,29,4233600,3.00255319148936
1980,10,30,3974400,2.81872340425532
1980,10,31,5356800,3.79914893617021
1980,11,1,9763200,6.92425531914894
1980,11,2,6393600,4.53446808510638
1980,11,3,6048000,4.28936170212766
1980,11,4,5356800,3.79914893617021
1980,11,5,4406400,3.12510638297872
1980,11,6,4320000,3.06382978723404
1980,11,7,4147200,2.94127659574468
1980,11,8,4147200,2.94127659574468
1980,11,9,8035200,5.69872340425532
1980,11,10,6566400,4.65702127659574
1980,11,11,7603200,5.39234042553192
1980,11,12,45360000,32.1702127659574
1980,11,13,26438400,18.7506382978723
1980,11,14,20822400,14.7676595744681
1980,11,15,20217600,14.3387234042553
1980,11,16,19440000,13.7872340425532
1980,11,17,16675200,11.8263829787234
1980,11,18,14601600,10.3557446808511
1980,11,19,11491200,8.14978723404255
1980,11,20,8985600,6.37276595744681
1980,11,21,7603200,5.39234042553192
1980,11,22,7171200,5.08595744680851
1980,11,23,6912000,4.90212765957447
1980,11,24,6480000,4.59574468085106
1980,11,25,6566400,4.65702127659574
1980,11,26,6652800,4.71829787234043
1980,11,27,6566400,4.65702127659574
1980,11,28,6480000,4.59574468085106
1980,11,29,5961600,4.22808510638298
1980,11,30,5702400,4.04425531914894
1980,12,1,5356800,3.79914893617021
1980,12,2,5011200,3.55404255319149
1980,12,3,6134400,4.35063829787234
1980,12,4,13478400,9.55914893617021
1980,12,5,18835200,13.3582978723404
1980,12,6,22636800,16.0544680851064
1980,12,7,14601600,10.3557446808511
1980,12,8,12614400,8.9463829787234
1980,12,9,10886400,7.72085106382979
1980,12,10,8035200,5.69872340425532
1980,12,11,7084800,5.02468085106383
1980,12,12,6739200,4.77957446808511
1980,12,13,6566400,4.65702127659574
1980,12,14,6393600,4.53446808510638
1980,12,15,5788800,4.10553191489362
1980,12,16,5702400,4.04425531914894
1980,12,17,5356800,3.79914893617021
1980,12,18,5011200,3.55404255319149
1980,12,19,4579200,3.24765957446809
1980,12,20,4406400,3.12510638297872
1980,12,21,4233600,3.00255319148936
1980,12,22,4233600,3.00255319148936
1980,12,23,4838400,3.43148936170213
1980,12,24,5529600,3.92170212765957
1980,12,25,7430400,5.26978723404255
1980,12,26,6393600,4.53446808510638
1980,12,27,7084800,5.02468085106383
1980,12,28,7862400,5.57617021276596
1980,12,29,7430400,5.26978723404255
1980,12,30,6480000,4.59574468085106
1980,12,31,5702400,4.04425531914894
1981,1,1,4838400,3.43148936170213
1981,1,2,4579200,3.24765957446809
1981,1,3,4406400,3.12510638297872
1981,1,4,4320000,3.06382978723404
1981,1,5,4320000,3.06382978723404
1981,1,6,4320000,3.06382978723404
1981,1,7,4579200,3.24765957446809
1981,1,8,5529600,3.92170212765957
1981,1,9,5184000,3.67659574468085
1981,1,10,5270400,3.73787234042553
1981,1,11,6652800,4.71829787234043
1981,1,12,6480000,4.59574468085106
1981,1,13,6307200,4.4731914893617
1981,1,14,5788800,4.10553191489362
1981,1,15,5356800,3.79914893617021
1981,1,16,4838400,3.43148936170213
1981,1,17,4665600,3.30893617021277
1981,1,18,4752000,3.37021276595745
1981,1,19,4752000,3.37021276595745
1981,1,20,4665600,3.30893617021277
1981,1,21,4579200,3.24765957446809
1981,1,22,4406400,3.12510638297872
1981,1,23,4406400,3.12510638297872
1981,1,24,4147200,2.94127659574468
1981,1,25,3974400,2.81872340425532
1981,1,26,3715200,2.63489361702128
1981,1,27,3715200,2.63489361702128
1981,1,28,3715200,2.63489361702128
1981,1,29,3715200,2.63489361702128
1981,1,30,3715200,2.63489361702128
1981,1,31,3715200,2.63489361702128
1981,2,1,3715200,2.63489361702128
1981,2,2,3715200,2.63489361702128
1981,2,3,3628800,2.5736170212766
1981,2,4,3628800,2.5736170212766
1981,2,5,3715200,2.63489361702128
1981,2,6,3715200,2.63489361702128
1981,2,7,3715200,2.63489361702128
1981,2,8,3715200,2.63489361702128
1981,2,9,3715200,2.63489361702128
1981,2,10,3715200,2.63489361702128
1981,2,11,3542400,2.51234042553192
1981,2,12,3369600,2.38978723404255
1981,2,13,3715200,2.63489361702128
1981,2,14,4233600,3.00255319148936
1981,2,15,4752000,3.37021276595745
1981,2,16,5270400,3.73787234042553
1981,2,17,5529600,3.92170212765957
1981,2,18,5529600,3.92170212765957
1981,2,19,5270400,3.73787234042553
1981,2,20,4233600,3.00255319148936
1981,2,21,4147200,2.94127659574468
1981,2,22,4147200,2.94127659574468
1981,2,23,4147200,2.94127659574468
1981,2,24,4060800,2.88
1981,2,25,3974400,2.81872340425532
1981,2,26,3888000,2.75744680851064
1981,2,27,3628800,2.5736170212766
1981,2,28,3542400,2.51234042553192
1981,3,1,3542400,2.51234042553192
1981,3,2,3456000,2.45106382978723
1981,3,3,3456000,2.45106382978723
1981,3,4,4147200,2.94127659574468
1981,3,5,5011200,3.55404255319149
1981,3,6,18057600,12.8068085106383
1981,3,7,9590400,6.80170212765957
1981,3,8,7344000,5.20851063829787
1981,3,9,6480000,4.59574468085106
1981,3,10,6393600,4.53446808510638
1981,3,11,6480000,4.59574468085106
1981,3,12,6480000,4.59574468085106
1981,3,13,11059200,7.84340425531915
1981,3,14,11145600,7.90468085106383
1981,3,15,14774400,10.4782978723404
1981,3,16,15206400,10.7846808510638
1981,3,17,12096000,8.57872340425532
1981,3,18,11318400,8.02723404255319
1981,3,19,11232000,7.96595744680851
1981,3,20,10886400,7.72085106382979
1981,3,21,9763200,6.92425531914894
1981,3,22,8553600,6.0663829787234
1981,3,23,8553600,6.0663829787234
1981,3,24,7689600,5.4536170212766
1981,3,25,7862400,5.57617021276596
1981,3,26,7776000,5.51489361702128
1981,3,27,7430400,5.26978723404255
1981,3,28,7344000,5.20851063829787
1981,3,29,7344000,5.20851063829787
1981,3,30,7171200,5.08595744680851
1981,3,31,7084800,5.02468085106383
1981,4,1,7171200,5.08595744680851
1981,4,2,5616000,3.98297872340426
1981,4,3,5356800,3.79914893617021
1981,4,4,5356800,3.79914893617021
1981,4,5,5443200,3.86042553191489
1981,4,6,5788800,4.10553191489362
1981,4,7,5616000,3.98297872340426
1981,4,8,5443200,3.86042553191489
1981,4,9,5097600,3.61531914893617
1981,4,10,4924800,3.49276595744681
1981,4,11,5270400,3.73787234042553
1981,4,12,5270400,3.73787234042553
1981,4,13,6134400,4.35063829787234
1981,4,14,6739200,4.77957446808511
1981,4,15,6998400,4.96340425531915
1981,4,16,7430400,5.26978723404255
1981,4,17,7689600,5.4536170212766
1981,4,18,8035200,5.69872340425532
1981,4,19,8467200,6.00510638297872
1981,4,20,19526400,13.8485106382979
1981,4,21,18921600,13.4195744680851
1981,4,22,18748800,13.2970212765957
1981,4,23,18748800,13.2970212765957
1981,4,24,17884800,12.6842553191489
1981,4,25,17884800,12.6842553191489
1981,4,26,17020800,12.0714893617021
1981,4,27,17020800,12.0714893617021
1981,4,28,16416000,11.6425531914894
1981,4,29,16070400,11.3974468085106
1981,4,30,15465600,10.9685106382979
1981,5,1,14342400,10.171914893617
1981,5,2,14601600,10.3557446808511
1981,5,3,15206400,10.7846808510638
1981,5,4,15811200,11.2136170212766
1981,5,5,15897600,11.2748936170213
1981,5,6,16070400,11.3974468085106
1981,5,7,21168000,15.0127659574468
1981,5,8,28252800,20.0374468085106
1981,5,9,29548800,20.9565957446809
1981,5,10,29548800,20.9565957446809
1981,5,11,27302400,19.3634042553191
1981,5,12,26870400,19.0570212765957
1981,5,13,26265600,18.628085106383
1981,5,14,24710400,17.5251063829787
1981,5,15,24105600,17.096170212766
1981,5,16,23673600,16.7897872340426
1981,5,17,18748800,13.2970212765957
1981,5,18,17366400,12.3165957446809
1981,5,19,18057600,12.8068085106383
1981,5,20,18748800,13.2970212765957
1981,5,21,18748800,13.2970212765957
1981,5,22,19180800,13.6034042553191
1981,5,23,19180800,13.6034042553191
1981,5,24,18576000,13.1744680851064
1981,5,25,17884800,12.6842553191489
1981,5,26,17193600,12.1940425531915
1981,5,27,18230400,12.9293617021277
1981,5,28,19958400,14.1548936170213
1981,5,29,22291200,15.8093617021277
1981,5,30,27302400,19.3634042553191
1981,5,31,26438400,18.7506382978723
1981,6,1,24710400,17.5251063829787
1981,6,2,25142400,17.8314893617021
1981,6,3,25574400,18.1378723404255
1981,6,4,25401600,18.0153191489362
1981,6,5,25142400,17.8314893617021
1981,6,6,24710400,17.5251063829787
1981,6,7,24710400,17.5251063829787
1981,6,8,26006400,18.4442553191489
1981,6,9,26611200,18.8731914893617
1981,6,10,26265600,18.628085106383
1981,6,11,26006400,18.4442553191489
1981,6,12,25574400,18.1378723404255
1981,6,13,26438400,18.7506382978723
1981,6,14,28252800,20.0374468085106
1981,6,15,38620800,27.3906382978723
1981,6,16,45878400,32.5378723404255
1981,6,17,30240000,21.4468085106383
1981,6,18,25747200,18.2604255319149
1981,6,19,26006400,18.4442553191489
1981,6,20,26611200,18.8731914893617
1981,6,21,27302400,19.3634042553191
1981,6,22,27302400,19.3634042553191
1981,6,23,27302400,19.3634042553191
1981,6,24,23932800,16.9736170212766
1981,6,25,22291200,15.8093617021277
1981,6,26,20563200,14.583829787234
1981,6,27,19958400,14.1548936170213
1981,6,28,19526400,13.8485106382979
1981,6,29,19526400,13.8485106382979
1981,6,30,19180800,13.6034042553191
1981,7,1,16675200,11.8263829787234
1981,7,2,15811200,11.2136170212766
1981,7,3,15465600,10.9685106382979
1981,7,4,15465600,10.9685106382979
1981,7,5,15033600,10.6621276595745
1981,7,6,14947200,10.6008510638298
1981,7,7,17366400,12.3165957446809
1981,7,8,19958400,14.1548936170213
1981,7,9,17884800,12.6842553191489
1981,7,10,17020800,12.0714893617021
1981,7,11,14947200,10.6008510638298
1981,7,12,13392000,9.49787234042553
1981,7,13,12960000,9.19148936170213
1981,7,14,11577600,8.21106382978724
1981,7,15,11836800,8.39489361702128
1981,7,16,12268800,8.70127659574468
1981,7,17,14342400,10.171914893617
1981,7,18,13824000,9.80425531914894
1981,7,19,13132800,9.31404255319149
1981,7,20,12700800,9.00765957446809
1981,7,21,12096000,8.57872340425532
1981,7,22,11145600,7.90468085106383
1981,7,23,11145600,7.90468085106383
1981,7,24,10713600,7.59829787234043
1981,7,25,10454400,7.41446808510638
1981,7,26,10195200,7.23063829787234
1981,7,27,10022400,7.10808510638298
1981,7,28,9763200,6.92425531914894
1981,7,29,9158400,6.49531914893617
1981,7,30,8812800,6.25021276595745
1981,7,31,8380800,5.94382978723404
1981,8,1,12009600,8.51744680851064
1981,8,2,15724800,11.1523404255319
1981,8,3,10022400,7.10808510638298
1981,8,4,9072000,6.43404255319149
1981,8,5,8380800,5.94382978723404
1981,8,6,8035200,5.69872340425532
1981,8,7,7689600,5.4536170212766
1981,8,8,7344000,5.20851063829787
1981,8,9,6998400,4.96340425531915
1981,8,10,6739200,4.77957446808511
1981,8,11,6480000,4.59574468085106
1981,8,12,6480000,4.59574468085106
1981,8,13,6307200,4.4731914893617
1981,8,14,6134400,4.35063829787234
1981,8,15,5702400,4.04425531914894
1981,8,16,5443200,3.86042553191489
1981,8,17,5270400,3.73787234042553
1981,8,18,5097600,3.61531914893617
1981,8,19,4924800,3.49276595744681
1981,8,20,4924800,3.49276595744681
1981,8,21,5097600,3.61531914893617
1981,8,22,5097600,3.61531914893617
1981,8,23,5097600,3.61531914893617
1981,8,24,4924800,3.49276595744681
1981,8,25,4924800,3.49276595744681
1981,8,26,4579200,3.24765957446809
1981,8,27,4924800,3.49276595744681
1981,8,28,5097600,3.61531914893617
1981,8,29,5097600,3.61531914893617
1981,8,30,4579200,3.24765957446809
1981,8,31,4147200,2.94127659574468
1981,9,1,4147200,2.94127659574468
1981,9,2,4147200,2.94127659574468
1981,9,3,3974400,2.81872340425532
1981,9,4,3974400,2.81872340425532
1981,9,5,3888000,2.75744680851064
1981,9,6,3888000,2.75744680851064
1981,9,7,3801600,2.69617021276596
1981,9,8,3801600,2.69617021276596
1981,9,9,3628800,2.5736170212766
1981,9,10,3456000,2.45106382978723
1981,9,11,3801600,2.69617021276596
1981,9,12,5529600,3.92170212765957
1981,9,13,7171200,5.08595744680851
1981,9,14,7516800,5.33106382978723
1981,9,15,7430400,5.26978723404255
1981,9,16,4924800,3.49276595744681
1981,9,17,6480000,4.59574468085106
1981,9,18,9590400,6.80170212765957
1981,9,19,7689600,5.4536170212766
1981,9,20,6652800,4.71829787234043
1981,9,21,5616000,3.98297872340426
1981,9,22,4924800,3.49276595744681
1981,9,23,4924800,3.49276595744681
1981,9,24,4147200,2.94127659574468
1981,9,25,3974400,2.81872340425532
1981,9,26,3801600,2.69617021276596
1981,9,27,3628800,2.5736170212766
1981,9,28,3456000,2.45106382978723
1981,9,29,3369600,2.38978723404255
1981,9,30,3196800,2.26723404255319
1981,10,1,3110400,2.20595744680851
1981,10,2,3024000,2.14468085106383
1981,10,3,2851200,2.02212765957447
1981,10,4,2678400,1.89957446808511
1981,10,5,2592000,1.83829787234043
1981,10,6,2764800,1.96085106382979
1981,10,7,2678400,1.89957446808511
1981,10,8,2592000,1.83829787234043
1981,10,9,2592000,1.83829787234043
1981,10,10,2419200,1.71574468085106
1981,10,11,2332800,1.65446808510638
1981,10,12,2332800,1.65446808510638
1981,10,13,2419200,1.71574468085106
1981,10,14,6393600,4.53446808510638
1981,10,15,15811200,11.2136170212766
1981,10,16,8726400,6.18893617021277
1981,10,17,6307200,4.4731914893617
1981,10,18,5529600,3.92170212765957
1981,10,19,4752000,3.37021276595745
1981,10,20,4233600,3.00255319148936
1981,10,21,4147200,2.94127659574468
1981,10,22,3888000,2.75744680851064
1981,10,23,3888000,2.75744680851064
1981,10,24,3024000,2.14468085106383
1981,10,25,2851200,2.02212765957447
1981,10,26,2678400,1.89957446808511
1981,10,27,2592000,1.83829787234043
1981,10,28,2592000,1.83829787234043
1981,10,29,2419200,1.71574468085106
1981,10,30,2419200,1.71574468085106
1981,10,31,2332800,1.65446808510638
1981,11,1,4665600,3.30893617021277
1981,11,2,8208000,5.82127659574468
1981,11,3,6912000,4.90212765957447
1981,11,4,9763200,6.92425531914894
1981,11,5,6825600,4.84085106382979
1981,11,6,5356800,3.79914893617021
1981,11,7,5184000,3.67659574468085
1981,11,8,4752000,3.37021276595745
1981,11,9,5529600,3.92170212765957
1981,11,10,7948800,5.63744680851064
1981,11,11,10195200,7.23063829787234
1981,11,12,8640000,6.12765957446809
1981,11,13,7862400,5.57617021276596
1981,11,14,7084800,5.02468085106383
1981,11,15,6480000,4.59574468085106
1981,11,16,5961600,4.22808510638298
1981,11,17,5961600,4.22808510638298
1981,11,18,9072000,6.43404255319149
1981,11,19,9590400,6.80170212765957
1981,11,20,8640000,6.12765957446809
1981,11,21,5788800,4.10553191489362
1981,11,22,5356800,3.79914893617021
1981,11,23,5356800,3.79914893617021
1981,11,24,6480000,4.59574468085106
1981,11,25,7689600,5.4536170212766
1981,11,26,6825600,4.84085106382979
1981,11,27,6048000,4.28936170212766
1981,11,28,5616000,3.98297872340426
1981,11,29,5270400,3.73787234042553
1981,11,30,4752000,3.37021276595745
1981,12,1,4492800,3.1863829787234
1981,12,2,4579200,3.24765957446809
1981,12,3,4579200,3.24765957446809
1981,12,4,4406400,3.12510638297872
1981,12,5,4147200,2.94127659574468
1981,12,6,6480000,4.59574468085106
1981,12,7,7689600,5.4536170212766
1981,12,8,8121600,5.76
1981,12,9,8035200,5.69872340425532
1981,12,10,7430400,5.26978723404255
1981,12,11,7171200,5.08595744680851
1981,12,12,6998400,4.96340425531915
1981,12,13,6134400,4.35063829787234
1981,12,14,5788800,4.10553191489362
1981,12,15,29808000,21.1404255319149
1981,12,16,46051200,32.6604255319149
1981,12,17,36115200,25.6136170212766
1981,12,18,27129600,19.2408510638298
1981,12,19,18748800,13.2970212765957
1981,12,20,12268800,8.70127659574468
1981,12,21,10713600,7.59829787234043
1981,12,22,12960000,9.19148936170213
1981,12,23,12960000,9.19148936170213
1981,12,24,10022400,7.10808510638298
1981,12,25,9158400,6.49531914893617
1981,12,26,7862400,5.57617021276596
1981,12,27,7516800,5.33106382978723
1981,12,28,7171200,5.08595744680851
1981,12,29,6825600,4.84085106382979
1981,12,30,6480000,4.59574468085106
1981,12,31,5961600,4.22808510638298
1982,1,1,5788800,4.10553191489362
1982,1,2,5616000,3.98297872340426
1982,1,3,5443200,3.86042553191489
1982,1,4,7171200,5.08595744680851
1982,1,5,6220800,4.41191489361702
1982,1,6,5702400,4.04425531914894
1982,1,7,5616000,3.98297872340426
1982,1,8,13132800,9.31404255319149
1982,1,9,7603200,5.39234042553192
1982,1,10,5443200,3.86042553191489
1982,1,11,5097600,3.61531914893617
1982,1,12,4924800,3.49276595744681
1982,1,13,4924800,3.49276595744681
1982,1,14,4924800,3.49276595744681
1982,1,15,4665600,3.30893617021277
1982,1,16,4492800,3.1863829787234
1982,1,17,3974400,2.81872340425532
1982,1,18,3801600,2.69617021276596
1982,1,19,3715200,2.63489361702128
1982,1,20,3369600,2.38978723404255
1982,1,21,3456000,2.45106382978723
1982,1,22,3542400,2.51234042553192
1982,1,23,3542400,2.51234042553192
1982,1,24,3024000,2.14468085106383
1982,1,25,3024000,2.14468085106383
1982,1,26,3024000,2.14468085106383
1982,1,27,3024000,2.14468085106383
1982,1,28,3024000,2.14468085106383
1982,1,29,3024000,2.14468085106383
1982,1,30,3024000,2.14468085106383
1982,1,31,2937600,2.08340425531915
1982,2,1,4233600,3.00255319148936
1982,2,2,3801600,2.69617021276596
1982,2,3,3715200,2.63489361702128
1982,2,4,3628800,2.5736170212766
1982,2,5,3369600,2.38978723404255
1982,2,6,3110400,2.20595744680851
1982,2,7,3110400,2.20595744680851
1982,2,8,3110400,2.20595744680851
1982,2,9,3110400,2.20595744680851
1982,2,10,3024000,2.14468085106383
1982,2,11,2937600,2.08340425531915
1982,2,12,2851200,2.02212765957447
1982,2,13,2764800,1.96085106382979
1982,2,14,2678400,1.89957446808511
1982,2,15,2678400,1.89957446808511
1982,2,16,2592000,1.83829787234043
1982,2,17,2505600,1.77702127659574
1982,2,18,2505600,1.77702127659574
1982,2,19,2505600,1.77702127659574
1982,2,20,2505600,1.77702127659574
1982,2,21,2505600,1.77702127659574
1982,2,22,2505600,1.77702127659574
1982,2,23,2505600,1.77702127659574
1982,2,24,2332800,1.65446808510638
1982,2,25,2332800,1.65446808510638
1982,2,26,2332800,1.65446808510638
1982,2,27,2332800,1.65446808510638
1982,2,28,2332800,1.65446808510638
1982,3,1,5097600,3.61531914893617
1982,3,2,5270400,3.73787234042553
1982,3,3,4320000,3.06382978723404
1982,3,4,3715200,2.63489361702128
1982,3,5,3542400,2.51234042553192
1982,3,6,3542400,2.51234042553192
1982,3,7,3456000,2.45106382978723
1982,3,8,3283200,2.32851063829787
1982,3,9,3283200,2.32851063829787
1982,3,10,3024000,2.14468085106383
1982,3,11,3024000,2.14468085106383
1982,3,12,2937600,2.08340425531915
1982,3,13,2937600,2.08340425531915
1982,3,14,2851200,2.02212765957447
1982,3,15,2851200,2.02212765957447
1982,3,16,2851200,2.02212765957447
1982,3,17,3801600,2.69617021276596
1982,3,18,3715200,2.63489361702128
1982,3,19,3974400,2.81872340425532
1982,3,20,3715200,2.63489361702128
1982,3,21,3369600,2.38978723404255
1982,3,22,3542400,2.51234042553192
1982,3,23,3542400,2.51234042553192
1982,3,24,3283200,2.32851063829787
1982,3,25,3110400,2.20595744680851
1982,3,26,3024000,2.14468085106383
1982,3,27,2937600,2.08340425531915
1982,3,28,2851200,2.02212765957447
1982,3,29,2851200,2.02212765957447
1982,3,30,2764800,1.96085106382979
1982,3,31,2764800,1.96085106382979
1982,4,1,27388800,19.4246808510638
1982,4,2,18835200,13.3582978723404
1982,4,3,13651200,9.68170212765957
1982,4,4,8985600,6.37276595744681
1982,4,5,11750400,8.3336170212766
1982,4,6,14342400,10.171914893617
1982,4,7,10195200,7.23063829787234
1982,4,8,8899200,6.31148936170213
1982,4,9,9244800,6.55659574468085
1982,4,10,10368000,7.3531914893617
1982,4,11,10800000,7.65957446808511
1982,4,12,13651200,9.68170212765957
1982,4,13,15811200,11.2136170212766
1982,4,14,18057600,12.8068085106383
1982,4,15,21427200,15.1965957446809
1982,4,16,25056000,17.7702127659574
1982,4,17,22118400,15.6868085106383
1982,4,18,22723200,16.1157446808511
1982,4,19,25056000,17.7702127659574
1982,4,20,22118400,15.6868085106383
1982,4,21,20649600,14.6451063829787
1982,4,22,19094400,13.5421276595745
1982,4,23,19094400,13.5421276595745
1982,4,24,26524800,18.811914893617
1982,4,25,22118400,15.6868085106383
1982,4,26,24537600,17.4025531914894
1982,4,27,29376000,20.8340425531915
1982,4,28,24710400,17.5251063829787
1982,4,29,21168000,15.0127659574468
1982,4,30,22118400,15.6868085106383
1982,5,1,22464000,15.931914893617
1982,5,2,21427200,15.1965957446809
1982,5,3,19785600,14.0323404255319
1982,5,4,18057600,12.8068085106383
1982,5,5,17280000,12.2553191489362
1982,5,6,17280000,12.2553191489362
1982,5,7,18489600,13.1131914893617
1982,5,8,19872000,14.0936170212766
1982,5,9,21427200,15.1965957446809
1982,5,10,23932800,16.9736170212766
1982,5,11,26352000,18.6893617021277
1982,5,12,27388800,19.4246808510638
1982,5,13,28684800,20.343829787234
1982,5,14,30758400,21.8144680851064
1982,5,15,31276800,22.1821276595745
1982,5,16,29548800,20.9565957446809
1982,5,17,28512000,20.2212765957447
1982,5,18,29721600,21.0791489361702
1982,5,19,30412800,21.5693617021277
1982,5,20,31276800,22.1821276595745
1982,5,21,31449600,22.3046808510638
1982,5,22,27993600,19.8536170212766
1982,5,23,27993600,19.8536170212766
1982,5,24,25747200,18.2604255319149
1982,5,25,25056000,17.7702127659574
1982,5,26,25747200,18.2604255319149
1982,5,27,25747200,18.2604255319149
1982,5,28,26697600,18.9344680851064
1982,5,29,27475200,19.4859574468085
1982,5,30,27993600,19.8536170212766
1982,5,31,28339200,20.0987234042553
1982,6,1,27388800,19.4246808510638
1982,6,2,25747200,18.2604255319149
1982,6,3,25228800,17.8927659574468
1982,6,4,24537600,17.4025531914894
1982,6,5,22896000,16.2382978723404
1982,6,6,22464000,15.931914893617
1982,6,7,22723200,16.1157446808511
1982,6,8,23068800,16.3608510638298
1982,6,9,22464000,15.931914893617
1982,6,10,19440000,13.7872340425532
1982,6,11,19008000,13.4808510638298
1982,6,12,18662400,13.2357446808511
1982,6,13,18316800,12.9906382978723
1982,6,14,17884800,12.6842553191489
1982,6,15,17107200,12.1327659574468
1982,6,16,27993600,19.8536170212766
1982,6,17,27475200,19.4859574468085
1982,6,18,26697600,18.9344680851064
1982,6,19,25056000,17.7702127659574
1982,6,20,20217600,14.3387234042553
1982,6,21,19008000,13.4808510638298
1982,6,22,16502400,11.703829787234
1982,6,23,16502400,11.703829787234
1982,6,24,14428800,10.2331914893617
1982,6,25,14342400,10.171914893617
1982,6,26,14601600,10.3557446808511
1982,6,27,14947200,10.6008510638298
1982,6,28,14342400,10.171914893617
1982,6,29,15206400,10.7846808510638
1982,6,30,16761600,11.8876595744681
1982,7,1,17452800,12.3778723404255
1982,7,2,16675200,11.8263829787234
1982,7,3,22896000,16.2382978723404
1982,7,4,20217600,14.3387234042553
1982,7,5,15811200,11.2136170212766
1982,7,6,16329600,11.5812765957447
1982,7,7,19872000,14.0936170212766
1982,7,8,17539200,12.4391489361702
1982,7,9,16502400,11.703829787234
1982,7,10,16675200,11.8263829787234
1982,7,11,17712000,12.5617021276596
1982,7,12,15984000,11.336170212766
1982,7,13,15206400,10.7846808510638
1982,7,14,15465600,10.9685106382979
1982,7,15,15292800,10.8459574468085
1982,7,16,14601600,10.3557446808511
1982,7,17,13392000,9.49787234042553
1982,7,18,12441600,8.82382978723404
1982,7,19,12787200,9.06893617021277
1982,7,20,12873600,9.13021276595745
1982,7,21,12182400,8.64
1982,7,22,11750400,8.3336170212766
1982,7,23,11750400,8.3336170212766
1982,7,24,12614400,8.9463829787234
1982,7,25,12268800,8.70127659574468
1982,7,26,11577600,8.21106382978724
1982,7,27,10713600,7.59829787234043
1982,7,28,9763200,6.92425531914894
1982,7,29,8294400,5.88255319148936
1982,7,30,8035200,5.69872340425532
1982,7,31,16761600,11.8876595744681
1982,8,1,11577600,8.21106382978724
1982,8,2,9763200,6.92425531914894
1982,8,3,17712000,12.5617021276596
1982,8,4,27648000,19.6085106382979
1982,8,5,19008000,13.4808510638298
1982,8,6,14342400,10.171914893617
1982,8,7,12182400,8.64
1982,8,8,11232000,7.96595744680851
1982,8,9,10713600,7.59829787234043
1982,8,10,8899200,6.31148936170213
1982,8,11,8035200,5.69872340425532
1982,8,12,7603200,5.39234042553192
1982,8,13,7171200,5.08595744680851
1982,8,14,6912000,4.90212765957447
1982,8,15,6739200,4.77957446808511
1982,8,16,6480000,4.59574468085106
1982,8,17,6307200,4.4731914893617
1982,8,18,6220800,4.41191489361702
1982,8,19,6134400,4.35063829787234
1982,8,20,6048000,4.28936170212766
1982,8,21,5616000,3.98297872340426
1982,8,22,5443200,3.86042553191489
1982,8,23,5443200,3.86042553191489
1982,8,24,5011200,3.55404255319149
1982,8,25,5011200,3.55404255319149
1982,8,26,5011200,3.55404255319149
1982,8,27,12009600,8.51744680851064
1982,8,28,6912000,4.90212765957447
1982,8,29,5529600,3.92170212765957
1982,8,30,5443200,3.86042553191489
1982,8,31,4752000,3.37021276595745
1982,9,1,4579200,3.24765957446809
1982,9,2,4406400,3.12510638297872
1982,9,3,4579200,3.24765957446809
1982,9,4,4406400,3.12510638297872
1982,9,5,4579200,3.24765957446809
1982,9,6,4665600,3.30893617021277
1982,9,7,4406400,3.12510638297872
1982,9,8,4320000,3.06382978723404
1982,9,9,4752000,3.37021276595745
1982,9,10,5011200,3.55404255319149
1982,9,11,4579200,3.24765957446809
1982,9,12,4233600,3.00255319148936
1982,9,13,3801600,2.69617021276596
1982,9,14,3715200,2.63489361702128
1982,9,15,3456000,2.45106382978723
1982,9,16,3369600,2.38978723404255
1982,9,17,3283200,2.32851063829787
1982,9,18,3283200,2.32851063829787
1982,9,19,3024000,2.14468085106383
1982,9,20,3024000,2.14468085106383
1982,9,21,3024000,2.14468085106383
1982,9,22,3024000,2.14468085106383
1982,9,23,3024000,2.14468085106383
1982,9,24,3024000,2.14468085106383
1982,9,25,3024000,2.14468085106383
1982,9,26,3024000,2.14468085106383
1982,9,27,3110400,2.20595744680851
1982,9,28,3024000,2.14468085106383
1982,9,29,3024000,2.14468085106383
1982,9,30,2937600,2.08340425531915
1982,10,1,3024000,2.14468085106383
1982,10,2,3110400,2.20595744680851
1982,10,3,2937600,2.08340425531915
1982,10,4,2764800,1.96085106382979
1982,10,5,2678400,1.89957446808511
1982,10,6,2592000,1.83829787234043
1982,10,7,2505600,1.77702127659574
1982,10,8,2505600,1.77702127659574
1982,10,9,2505600,1.77702127659574
1982,10,10,2505600,1.77702127659574
1982,10,11,2505600,1.77702127659574
1982,10,12,4579200,3.24765957446809
1982,10,13,3974400,2.81872340425532
1982,10,14,3283200,2.32851063829787
1982,10,15,3024000,2.14468085106383
1982,10,16,2937600,2.08340425531915
1982,10,17,2851200,2.02212765957447
1982,10,18,4752000,3.37021276595745
1982,10,19,4579200,3.24765957446809
1982,10,20,3974400,2.81872340425532
1982,10,21,3801600,2.69617021276596
1982,10,22,3801600,2.69617021276596
1982,10,23,3801600,2.69617021276596
1982,10,24,3283200,2.32851063829787
1982,10,25,3110400,2.20595744680851
1982,10,26,3110400,2.20595744680851
1982,10,27,2937600,2.08340425531915
1982,10,28,2851200,2.02212765957447
1982,10,29,2851200,2.02212765957447
1982,10,30,2678400,1.89957446808511
1982,10,31,2592000,1.83829787234043
1982,11,1,2505600,1.77702127659574
1982,11,2,2419200,1.71574468085106
1982,11,3,2332800,1.65446808510638
1982,11,4,2332800,1.65446808510638
1982,11,5,2332800,1.65446808510638
1982,11,6,2419200,1.71574468085106
1982,11,7,2419200,1.71574468085106
1982,11,8,2419200,1.71574468085106
1982,11,9,2419200,1.71574468085106
1982,11,10,2419200,1.71574468085106
1982,11,11,2419200,1.71574468085106
1982,11,12,2419200,1.71574468085106
1982,11,13,2419200,1.71574468085106
1982,11,14,2419200,1.71574468085106
1982,11,15,2332800,1.65446808510638
1982,11,16,2332800,1.65446808510638
1982,11,17,2332800,1.65446808510638
1982,11,18,2332800,1.65446808510638
1982,11,19,2332800,1.65446808510638
1982,11,20,2332800,1.65446808510638
1982,11,21,2678400,1.89957446808511
1982,11,22,2851200,2.02212765957447
1982,11,23,2851200,2.02212765957447
1982,11,24,2592000,1.83829787234043
1982,11,25,2505600,1.77702127659574
1982,11,26,2246400,1.5931914893617
1982,11,27,2160000,1.53191489361702
1982,11,28,2073600,1.47063829787234
1982,11,29,2073600,1.47063829787234
1982,11,30,2073600,1.47063829787234
1982,12,1,2073600,1.47063829787234
1982,12,2,1987200,1.40936170212766
1982,12,3,1987200,1.40936170212766
1982,12,4,1987200,1.40936170212766
1982,12,5,1987200,1.40936170212766
1982,12,6,1987200,1.40936170212766
1982,12,7,1987200,1.40936170212766
1982,12,8,1987200,1.40936170212766
1982,12,9,1987200,1.40936170212766
1982,12,10,1987200,1.40936170212766
1982,12,11,1987200,1.40936170212766
1982,12,12,1987200,1.40936170212766
1982,12,13,1987200,1.40936170212766
1982,12,14,2073600,1.47063829787234
1982,12,15,2073600,1.47063829787234
1982,12,16,2764800,1.96085106382979
1982,12,17,2678400,1.89957446808511
1982,12,18,2505600,1.77702127659574
1982,12,19,2246400,1.5931914893617
1982,12,20,2246400,1.5931914893617
1982,12,21,2246400,1.5931914893617
1982,12,22,2246400,1.5931914893617
1982,12,23,2246400,1.5931914893617
1982,12,24,2160000,1.53191489361702
1982,12,25,2160000,1.53191489361702
1982,12,26,2160000,1.53191489361702
1982,12,27,2160000,1.53191489361702
1982,12,28,2073600,1.47063829787234
1982,12,29,1987200,1.40936170212766
1982,12,30,1987200,1.40936170212766
1982,12,31,2937600,2.08340425531915
1983,1,1,2592000,1.83829787234043
1983,1,2,2246400,1.5931914893617
1983,1,3,2073600,1.47063829787234
1983,1,4,2073600,1.47063829787234
1983,1,5,2073600,1.47063829787234
1983,1,6,2073600,1.47063829787234
1983,1,7,2073600,1.47063829787234
1983,1,8,1987200,1.40936170212766
1983,1,9,1987200,1.40936170212766
1983,1,10,1987200,1.40936170212766
1983,1,11,1987200,1.40936170212766
1983,1,12,1987200,1.40936170212766
1983,1,13,1987200,1.40936170212766
1983,1,14,1987200,1.40936170212766
1983,1,15,1987200,1.40936170212766
1983,1,16,1987200,1.40936170212766
1983,1,17,2246400,1.5931914893617
1983,1,18,2419200,1.71574468085106
1983,1,19,2419200,1.71574468085106
1983,1,20,2505600,1.77702127659574
1983,1,21,3110400,2.20595744680851
1983,1,22,2937600,2.08340425531915
1983,1,23,2937600,2.08340425531915
1983,1,24,2592000,1.83829787234043
1983,1,25,2332800,1.65446808510638
1983,1,26,2246400,1.5931914893617
1983,1,27,2246400,1.5931914893617
1983,1,28,2160000,1.53191489361702
1983,1,29,2160000,1.53191489361702
1983,1,30,2073600,1.47063829787234
1983,1,31,2073600,1.47063829787234
1983,2,1,2073600,1.47063829787234
1983,2,2,2160000,1.53191489361702
1983,2,3,2505600,1.77702127659574
1983,2,4,2419200,1.71574468085106
1983,2,5,2419200,1.71574468085106
1983,2,6,2332800,1.65446808510638
1983,2,7,2332800,1.65446808510638
1983,2,8,2332800,1.65446808510638
1983,2,9,2332800,1.65446808510638
1983,2,10,2419200,1.71574468085106
1983,2,11,2419200,1.71574468085106
1983,2,12,2332800,1.65446808510638
1983,2,13,3283200,2.32851063829787
1983,2,14,3024000,2.14468085106383
1983,2,15,2937600,2.08340425531915
1983,2,16,2678400,1.89957446808511
1983,2,17,2764800,1.96085106382979
1983,2,18,2505600,1.77702127659574
1983,2,19,2419200,1.71574468085106
1983,2,20,2332800,1.65446808510638
1983,2,21,2332800,1.65446808510638
1983,2,22,2332800,1.65446808510638
1983,2,23,2332800,1.65446808510638
1983,2,24,2160000,1.53191489361702
1983,2,25,2160000,1.53191489361702
1983,2,26,2160000,1.53191489361702
1983,2,27,2073600,1.47063829787234
1983,2,28,1987200,1.40936170212766
1983,3,1,2073600,1.47063829787234
1983,3,2,1987200,1.40936170212766
1983,3,3,2073600,1.47063829787234
1983,3,4,2160000,1.53191489361702
1983,3,5,2160000,1.53191489361702
1983,3,6,2160000,1.53191489361702
1983,3,7,2073600,1.47063829787234
1983,3,8,2073600,1.47063829787234
1983,3,9,2073600,1.47063829787234
1983,3,10,2073600,1.47063829787234
1983,3,11,2073600,1.47063829787234
1983,3,12,2073600,1.47063829787234
1983,3,13,2246400,1.5931914893617
1983,3,14,2505600,1.77702127659574
1983,3,15,2160000,1.53191489361702
1983,3,16,2160000,1.53191489361702
1983,3,17,2851200,2.02212765957447
1983,3,18,2851200,2.02212765957447
1983,3,19,2937600,2.08340425531915
1983,3,20,3888000,2.75744680851064
1983,3,21,3888000,2.75744680851064
1983,3,22,3974400,2.81872340425532
1983,3,23,3974400,2.81872340425532
1983,3,24,4406400,3.12510638297872
1983,3,25,5011200,3.55404255319149
1983,3,26,6912000,4.90212765957447
1983,3,27,8985600,6.37276595744681
1983,3,28,11577600,8.21106382978724
1983,3,29,12268800,8.70127659574468
1983,3,30,14947200,10.6008510638298
1983,3,31,15206400,10.7846808510638
1983,4,1,15120000,10.7234042553191
1983,4,2,14947200,10.6008510638298
1983,4,3,14601600,10.3557446808511
1983,4,4,14169600,10.0493617021277
1983,4,5,13219200,9.37531914893617
1983,4,6,13219200,9.37531914893617
1983,4,7,14601600,10.3557446808511
1983,4,8,15724800,11.1523404255319
1983,4,9,16934400,12.0102127659574
1983,4,10,22118400,15.6868085106383
1983,4,11,19872000,14.0936170212766
1983,4,12,18835200,13.3582978723404
1983,4,13,21772800,15.4417021276596
1983,4,14,22723200,16.1157446808511
1983,4,15,22723200,16.1157446808511
1983,4,16,23760000,16.8510638297872
1983,4,17,26179200,18.5668085106383
1983,4,18,28339200,20.0987234042553
1983,4,19,26870400,19.0570212765957
1983,4,20,17712000,12.5617021276596
1983,4,21,16761600,11.8876595744681
1983,4,22,16329600,11.5812765957447
1983,4,23,16329600,11.5812765957447
1983,4,24,13392000,9.49787234042553
1983,4,25,13996800,9.9268085106383
1983,4,26,13046400,9.25276595744681
1983,4,27,13219200,9.37531914893617
1983,4,28,14947200,10.6008510638298
1983,4,29,16502400,11.703829787234
1983,4,30,17107200,12.1327659574468
1983,5,1,17539200,12.4391489361702
1983,5,2,17452800,12.3778723404255
1983,5,3,26006400,18.4442553191489
1983,5,4,23760000,16.8510638297872
1983,5,5,21427200,15.1965957446809
1983,5,6,19612800,13.9097872340426
1983,5,7,16156800,11.4587234042553
1983,5,8,14601600,10.3557446808511
1983,5,9,19094400,13.5421276595745
1983,5,10,17452800,12.3778723404255
1983,5,11,14947200,10.6008510638298
1983,5,12,14947200,10.6008510638298
1983,5,13,16502400,11.703829787234
1983,5,14,17712000,12.5617021276596
1983,5,15,18057600,12.8068085106383
1983,5,16,20217600,14.3387234042553
1983,5,17,22118400,15.6868085106383
1983,5,18,26006400,18.4442553191489
1983,5,19,27993600,19.8536170212766
1983,5,20,28512000,20.2212765957447
1983,5,21,28166400,19.976170212766
1983,5,22,27993600,19.8536170212766
1983,5,23,27993600,19.8536170212766
1983,5,24,27388800,19.4246808510638
1983,5,25,26352000,18.6893617021277
1983,5,26,25056000,17.7702127659574
1983,5,27,25401600,18.0153191489362
1983,5,28,25401600,18.0153191489362
1983,5,29,22464000,15.931914893617
1983,5,30,19008000,13.4808510638298
1983,5,31,21340800,15.1353191489362
1983,6,1,20995200,14.8902127659574
1983,6,2,20563200,14.583829787234
1983,6,3,19008000,13.4808510638298
1983,6,4,18316800,12.9906382978723
1983,6,5,18316800,12.9906382978723
1983,6,6,19008000,13.4808510638298
1983,6,7,20563200,14.583829787234
1983,6,8,19008000,13.4808510638298
1983,6,9,18316800,12.9906382978723
1983,6,10,17107200,12.1327659574468
1983,6,11,16502400,11.703829787234
1983,6,12,17107200,12.1327659574468
1983,6,13,16675200,11.8263829787234
1983,6,14,16156800,11.4587234042553
1983,6,15,15897600,11.2748936170213
1983,6,16,15379200,10.9072340425532
1983,6,17,15379200,10.9072340425532
1983,6,18,17452800,12.3778723404255
1983,6,19,17280000,12.2553191489362
1983,6,20,15206400,10.7846808510638
1983,6,21,12268800,8.70127659574468
1983,6,22,11836800,8.39489361702128
1983,6,23,11836800,8.39489361702128
1983,6,24,10713600,7.59829787234043
1983,6,25,10368000,7.3531914893617
1983,6,26,10195200,7.23063829787234
1983,6,27,10108800,7.16936170212766
1983,6,28,8899200,6.31148936170213
1983,6,29,7603200,5.39234042553192
1983,6,30,7171200,5.08595744680851
1983,7,1,9763200,6.92425531914894
1983,7,2,10540800,7.47574468085106
1983,7,3,9763200,6.92425531914894
1983,7,4,8812800,6.25021276595745
1983,7,5,8985600,6.37276595744681
1983,7,6,8812800,6.25021276595745
1983,7,7,8121600,5.76
1983,7,8,8035200,5.69872340425532
1983,7,9,7603200,5.39234042553192
1983,7,10,7171200,5.08595744680851
1983,7,11,7171200,5.08595744680851
1983,7,12,7171200,5.08595744680851
1983,7,13,7171200,5.08595744680851
1983,7,14,6912000,4.90212765957447
1983,7,15,6912000,4.90212765957447
1983,7,16,6739200,4.77957446808511
1983,7,17,6307200,4.4731914893617
1983,7,18,6134400,4.35063829787234
1983,7,19,6134400,4.35063829787234
1983,7,20,7344000,5.20851063829787
1983,7,21,6307200,4.4731914893617
1983,7,22,5270400,3.73787234042553
1983,7,23,5270400,3.73787234042553
1983,7,24,5097600,3.61531914893617
1983,7,25,5097600,3.61531914893617
1983,7,26,6307200,4.4731914893617
1983,7,27,7344000,5.20851063829787
1983,7,28,6998400,4.96340425531915
1983,7,29,6739200,4.77957446808511
1983,7,30,6307200,4.4731914893617
1983,7,31,5875200,4.1668085106383
1983,8,1,5270400,3.73787234042553
1983,8,2,5097600,3.61531914893617
1983,8,3,5011200,3.55404255319149
1983,8,4,4838400,3.43148936170213
1983,8,5,4579200,3.24765957446809
1983,8,6,4406400,3.12510638297872
1983,8,7,4406400,3.12510638297872
1983,8,8,4406400,3.12510638297872
1983,8,9,4406400,3.12510638297872
1983,8,10,4406400,3.12510638297872
1983,8,11,4752000,3.37021276595745
1983,8,12,4579200,3.24765957446809
1983,8,13,4320000,3.06382978723404
1983,8,14,4233600,3.00255319148936
1983,8,15,4665600,3.30893617021277
1983,8,16,4752000,3.37021276595745
1983,8,17,4233600,3.00255319148936
1983,8,18,4147200,2.94127659574468
1983,8,19,3974400,2.81872340425532
1983,8,20,3715200,2.63489361702128
1983,8,21,3628800,2.5736170212766
1983,8,22,3888000,2.75744680851064
1983,8,23,3888000,2.75744680851064
1983,8,24,4233600,3.00255319148936
1983,8,25,4147200,2.94127659574468
1983,8,26,3974400,2.81872340425532
1983,8,27,3715200,2.63489361702128
1983,8,28,3369600,2.38978723404255
1983,8,29,3283200,2.32851063829787
1983,8,30,3283200,2.32851063829787
1983,8,31,3110400,2.20595744680851
1983,9,1,3110400,2.20595744680851
1983,9,2,3110400,2.20595744680851
1983,9,3,3024000,2.14468085106383
1983,9,4,20390400,14.4612765957447
1983,9,5,20217600,14.3387234042553
1983,9,6,11836800,8.39489361702128
1983,9,7,9763200,6.92425531914894
1983,9,8,8467200,6.00510638297872
1983,9,9,8294400,5.88255319148936
1983,9,10,7344000,5.20851063829787
1983,9,11,6307200,4.4731914893617
1983,9,12,5616000,3.98297872340426
1983,9,13,5097600,3.61531914893617
1983,9,14,4924800,3.49276595744681
1983,9,15,4752000,3.37021276595745
1983,9,16,4579200,3.24765957446809
1983,9,17,4320000,3.06382978723404
1983,9,18,4060800,2.88
1983,9,19,3801600,2.69617021276596
1983,9,20,3715200,2.63489361702128
1983,9,21,3456000,2.45106382978723
1983,9,22,3456000,2.45106382978723
1983,9,23,3456000,2.45106382978723
1983,9,24,6480000,4.59574468085106
1983,9,25,7776000,5.51489361702128
1983,9,26,5097600,3.61531914893617
1983,9,27,5011200,3.55404255319149
1983,9,28,4752000,3.37021276595745
1983,9,29,4406400,3.12510638297872
1983,9,30,4147200,2.94127659574468
1983,10,1,4060800,2.88
1983,10,2,3715200,2.63489361702128
1983,10,3,4406400,3.12510638297872
1983,10,4,7689600,5.4536170212766
1983,10,5,5702400,4.04425531914894
1983,10,6,4752000,3.37021276595745
1983,10,7,4406400,3.12510638297872
1983,10,8,4147200,2.94127659574468
1983,10,9,3888000,2.75744680851064
1983,10,10,3801600,2.69617021276596
1983,10,11,4233600,3.00255319148936
1983,10,12,4233600,3.00255319148936
1983,10,13,4233600,3.00255319148936
1983,10,14,4147200,2.94127659574468
1983,10,15,4147200,2.94127659574468
1983,10,16,3974400,2.81872340425532
1983,10,17,3715200,2.63489361702128
1983,10,18,3110400,2.20595744680851
1983,10,19,2937600,2.08340425531915
1983,10,20,2851200,2.02212765957447
1983,10,21,2851200,2.02212765957447
1983,10,22,2851200,2.02212765957447
1983,10,23,2851200,2.02212765957447
1983,10,24,2937600,2.08340425531915
1983,10,25,2937600,2.08340425531915
1983,10,26,2937600,2.08340425531915
1983,10,27,2678400,1.89957446808511
1983,10,28,2851200,2.02212765957447
1983,10,29,2937600,2.08340425531915
1983,10,30,8380800,5.94382978723404
1983,10,31,11836800,8.39489361702128
1983,11,1,5788800,4.10553191489362
1983,11,2,4752000,3.37021276595745
1983,11,3,4233600,3.00255319148936
1983,11,4,4147200,2.94127659574468
1983,11,5,4147200,2.94127659574468
1983,11,6,3801600,2.69617021276596
1983,11,7,3542400,2.51234042553192
1983,11,8,3542400,2.51234042553192
1983,11,9,4406400,3.12510638297872
1983,11,10,4924800,3.49276595744681
1983,11,11,7344000,5.20851063829787
1983,11,12,6307200,4.4731914893617
1983,11,13,5961600,4.22808510638298
1983,11,14,5443200,3.86042553191489
1983,11,15,4924800,3.49276595744681
1983,11,16,4924800,3.49276595744681
1983,11,17,5875200,4.1668085106383
1983,11,18,5097600,3.61531914893617
1983,11,19,4924800,3.49276595744681
1983,11,20,4924800,3.49276595744681
1983,11,21,10368000,7.3531914893617
1983,11,22,11404800,8.08851063829787
1983,11,23,11404800,8.08851063829787
1983,11,24,8899200,6.31148936170213
1983,11,25,8035200,5.69872340425532
1983,11,26,6048000,4.28936170212766
1983,11,27,5097600,3.61531914893617
1983,11,28,4752000,3.37021276595745
1983,11,29,4492800,3.1863829787234
1983,11,30,17366400,12.3165957446809
1983,12,1,33782400,23.9591489361702
1983,12,2,30758400,21.8144680851064
1983,12,3,26352000,18.6893617021277
1983,12,4,19440000,13.7872340425532
1983,12,5,11577600,8.21106382978724
1983,12,6,10713600,7.59829787234043
1983,12,7,10368000,7.3531914893617
1983,12,8,9244800,6.55659574468085
1983,12,9,8985600,6.37276595744681
1983,12,10,8294400,5.88255319148936
1983,12,11,7344000,5.20851063829787
1983,12,12,6480000,4.59574468085106
1983,12,13,6307200,4.4731914893617
1983,12,14,6134400,4.35063829787234
1983,12,15,5702400,4.04425531914894
1983,12,16,5356800,3.79914893617021
1983,12,17,5011200,3.55404255319149
1983,12,18,4579200,3.24765957446809
1983,12,19,4406400,3.12510638297872
1983,12,20,4320000,3.06382978723404
1983,12,21,4233600,3.00255319148936
1983,12,22,4233600,3.00255319148936
1983,12,23,4233600,3.00255319148936
1983,12,24,4147200,2.94127659574468
1983,12,25,4147200,2.94127659574468
1983,12,26,3888000,2.75744680851064
1983,12,27,3801600,2.69617021276596
1983,12,28,4752000,3.37021276595745
1983,12,29,4233600,3.00255319148936
1983,12,30,3542400,2.51234042553192
1983,12,31,3456000,2.45106382978723
1984,1,1,3456000,2.45106382978723
1984,1,2,3369600,2.38978723404255
1984,1,3,3283200,2.32851063829787
1984,1,4,3283200,2.32851063829787
1984,1,5,3283200,2.32851063829787
1984,1,6,3196800,2.26723404255319
1984,1,7,3283200,2.32851063829787
1984,1,8,4752000,3.37021276595745
1984,1,9,4406400,3.12510638297872
1984,1,10,4147200,2.94127659574468
1984,1,11,3628800,2.5736170212766
1984,1,12,3715200,2.63489361702128
1984,1,13,3715200,2.63489361702128
1984,1,14,3801600,2.69617021276596
1984,1,15,3801600,2.69617021276596
1984,1,16,3542400,2.51234042553192
1984,1,17,3369600,2.38978723404255
1984,1,18,3369600,2.38978723404255
1984,1,19,3283200,2.32851063829787
1984,1,20,3283200,2.32851063829787
1984,1,21,3283200,2.32851063829787
1984,1,22,3110400,2.20595744680851
1984,1,23,3110400,2.20595744680851
1984,1,24,3110400,2.20595744680851
1984,1,25,2937600,2.08340425531915
1984,1,26,2937600,2.08340425531915
1984,1,27,2937600,2.08340425531915
1984,1,28,2937600,2.08340425531915
1984,1,29,2851200,2.02212765957447
1984,1,30,2678400,1.89957446808511
1984,1,31,2678400,1.89957446808511
1984,2,1,2592000,1.83829787234043
1984,2,2,2419200,1.71574468085106
1984,2,3,2419200,1.71574468085106
1984,2,4,2419200,1.71574468085106
1984,2,5,2332800,1.65446808510638
1984,2,6,2419200,1.71574468085106
1984,2,7,2419200,1.71574468085106
1984,2,8,2419200,1.71574468085106
1984,2,9,2505600,1.77702127659574
1984,2,10,2505600,1.77702127659574
1984,2,11,2505600,1.77702127659574
1984,2,12,3456000,2.45106382978723
1984,2,13,3974400,2.81872340425532
1984,2,14,3801600,2.69617021276596
1984,2,15,3801600,2.69617021276596
1984,2,16,3715200,2.63489361702128
1984,2,17,3456000,2.45106382978723
1984,2,18,3024000,2.14468085106383
1984,2,19,2505600,1.77702127659574
1984,2,20,2505600,1.77702127659574
1984,2,21,2505600,1.77702127659574
1984,2,22,2505600,1.77702127659574
1984,2,23,2505600,1.77702127659574
1984,2,24,2505600,1.77702127659574
1984,2,25,2505600,1.77702127659574
1984,2,26,2505600,1.77702127659574
1984,2,27,2505600,1.77702127659574
1984,2,28,2505600,1.77702127659574
1984,2,29,2332800,1.65446808510638
1984,3,1,2246400,1.5931914893617
1984,3,2,2160000,1.53191489361702
1984,3,3,2160000,1.53191489361702
1984,3,4,2160000,1.53191489361702
1984,3,5,4924800,3.49276595744681
1984,3,6,4665600,3.30893617021277
1984,3,7,4838400,3.43148936170213
1984,3,8,5097600,3.61531914893617
1984,3,9,5270400,3.73787234042553
1984,3,10,5529600,3.92170212765957
1984,3,11,6393600,4.53446808510638
1984,3,12,7084800,5.02468085106383
1984,3,13,5961600,4.22808510638298
1984,3,14,5011200,3.55404255319149
1984,3,15,4579200,3.24765957446809
1984,3,16,3974400,2.81872340425532
1984,3,17,3888000,2.75744680851064
1984,3,18,3888000,2.75744680851064
1984,3,19,3888000,2.75744680851064
1984,3,20,3801600,2.69617021276596
1984,3,21,3715200,2.63489361702128
1984,3,22,3801600,2.69617021276596
1984,3,23,3801600,2.69617021276596
1984,3,24,3888000,2.75744680851064
1984,3,25,4406400,3.12510638297872
1984,3,26,4752000,3.37021276595745
1984,3,27,5097600,3.61531914893617
1984,3,28,4838400,3.43148936170213
1984,3,29,4492800,3.1863829787234
1984,3,30,4147200,2.94127659574468
1984,3,31,3974400,2.81872340425532
1984,4,1,10108800,7.16936170212766
1984,4,2,9504000,6.74042553191489
1984,4,3,7430400,5.26978723404255
1984,4,4,7430400,5.26978723404255
1984,4,5,7430400,5.26978723404255
1984,4,6,6998400,4.96340425531915
1984,4,7,6912000,4.90212765957447
1984,4,8,12787200,9.06893617021277
1984,4,9,12355200,8.76255319148936
1984,4,10,12268800,8.70127659574468
1984,4,11,12009600,8.51744680851064
1984,4,12,10972800,7.78212765957447
1984,4,13,12614400,8.9463829787234
1984,4,14,14083200,9.98808510638298
1984,4,15,14774400,10.4782978723404
1984,4,16,15120000,10.7234042553191
1984,4,17,15465600,10.9685106382979
1984,4,18,15465600,10.9685106382979
1984,4,19,14947200,10.6008510638298
1984,4,20,38793600,27.5131914893617
1984,4,21,27820800,19.7310638297872
1984,4,22,23068800,16.3608510638298
1984,4,23,23068800,16.3608510638298
1984,4,24,15638400,11.0910638297872
1984,4,25,12787200,9.06893617021277
1984,4,26,12268800,8.70127659574468
1984,4,27,10972800,7.78212765957447
1984,4,28,10281600,7.29191489361702
1984,4,29,10108800,7.16936170212766
1984,4,30,10022400,7.10808510638298
1984,5,1,9590400,6.80170212765957
1984,5,2,8553600,6.0663829787234
1984,5,3,8726400,6.18893617021277
1984,5,4,8985600,6.37276595744681
1984,5,5,9331200,6.61787234042553
1984,5,6,9676800,6.86297872340426
1984,5,7,9936000,7.0468085106383
1984,5,8,11750400,8.3336170212766
1984,5,9,14947200,10.6008510638298
1984,5,10,16848000,11.9489361702128
1984,5,11,18230400,12.9293617021277
1984,5,12,21168000,15.0127659574468
1984,5,13,22291200,15.8093617021277
1984,5,14,24105600,17.096170212766
1984,5,15,22896000,16.2382978723404
1984,5,16,21686400,15.3804255319149
1984,5,17,20736000,14.7063829787234
1984,5,18,21859200,15.5029787234043
1984,5,19,26265600,18.628085106383
1984,5,20,22291200,15.8093617021277
1984,5,21,21340800,15.1353191489362
1984,5,22,21168000,15.0127659574468
1984,5,23,21168000,15.0127659574468
1984,5,24,20563200,14.583829787234
1984,5,25,20563200,14.583829787234
1984,5,26,20563200,14.583829787234
1984,5,27,21513600,15.2578723404255
1984,5,28,19094400,13.5421276595745
1984,5,29,17107200,12.1327659574468
1984,5,30,16502400,11.703829787234
1984,5,31,16934400,12.0102127659574
1984,6,1,17971200,12.7455319148936
1984,6,2,19094400,13.5421276595745
1984,6,3,19267200,13.6646808510638
1984,6,4,18921600,13.4195744680851
1984,6,5,18576000,13.1744680851064
1984,6,6,17798400,12.6229787234043
1984,6,7,17107200,12.1327659574468
1984,6,8,17107200,12.1327659574468
1984,6,9,16675200,11.8263829787234
1984,6,10,19094400,13.5421276595745
1984,6,11,29376000,20.8340425531915
1984,6,12,18403200,13.051914893617
1984,6,13,17625600,12.5004255319149
1984,6,14,16243200,11.52
1984,6,15,15897600,11.2748936170213
1984,6,16,15638400,11.0910638297872
1984,6,17,15206400,10.7846808510638
1984,6,18,14515200,10.2944680851064
1984,6,19,14083200,9.98808510638298
1984,6,20,13996800,9.9268085106383
1984,6,21,13305600,9.43659574468085
1984,6,22,11836800,8.39489361702128
1984,6,23,11836800,8.39489361702128
1984,6,24,13046400,9.25276595744681
1984,6,25,14083200,9.98808510638298
1984,6,26,14256000,10.1106382978723
1984,6,27,14428800,10.2331914893617
1984,6,28,14515200,10.2944680851064
1984,6,29,14688000,10.4170212765957
1984,6,30,14688000,10.4170212765957
1984,7,1,14083200,9.98808510638298
1984,7,2,13564800,9.62042553191489
1984,7,3,13392000,9.49787234042553
1984,7,4,13132800,9.31404255319149
1984,7,5,15120000,10.7234042553191
1984,7,6,14947200,10.6008510638298
1984,7,7,14428800,10.2331914893617
1984,7,8,14256000,10.1106382978723
1984,7,9,13305600,9.43659574468085
1984,7,10,11318400,8.02723404255319
1984,7,11,8812800,6.25021276595745
1984,7,12,7776000,5.51489361702128
1984,7,13,7516800,5.33106382978723
1984,7,14,7344000,5.20851063829787
1984,7,15,7948800,5.63744680851064
1984,7,16,7516800,5.33106382978723
1984,7,17,7516800,5.33106382978723
1984,7,18,7516800,5.33106382978723
1984,7,19,7516800,5.33106382978723
1984,7,20,7516800,5.33106382978723
1984,7,21,7344000,5.20851063829787
1984,7,22,6998400,4.96340425531915
1984,7,23,6998400,4.96340425531915
1984,7,24,7689600,5.4536170212766
1984,7,25,6307200,4.4731914893617
1984,7,26,5529600,3.92170212765957
1984,7,27,5616000,3.98297872340426
1984,7,28,5443200,3.86042553191489
1984,7,29,5097600,3.61531914893617
1984,7,30,5097600,3.61531914893617
1984,7,31,4924800,3.49276595744681
1984,8,1,8467200,6.00510638297872
1984,8,2,7776000,5.51489361702128
1984,8,3,6134400,4.35063829787234
1984,8,4,4320000,3.06382978723404
1984,8,5,4233600,3.00255319148936
1984,8,6,8467200,6.00510638297872
1984,8,7,9504000,6.74042553191489
1984,8,8,10368000,7.3531914893617
1984,8,9,11232000,7.96595744680851
1984,8,10,8726400,6.18893617021277
1984,8,11,6912000,4.90212765957447
1984,8,12,6393600,4.53446808510638
1984,8,13,5529600,3.92170212765957
1984,8,14,7948800,5.63744680851064
1984,8,15,7689600,5.4536170212766
1984,8,16,6998400,4.96340425531915
1984,8,17,6480000,4.59574468085106
1984,8,18,6134400,4.35063829787234
1984,8,19,5356800,3.79914893617021
1984,8,20,4924800,3.49276595744681
1984,8,21,5097600,3.61531914893617
1984,8,22,5011200,3.55404255319149
1984,8,23,5011200,3.55404255319149
1984,8,24,4924800,3.49276595744681
1984,8,25,5011200,3.55404255319149
1984,8,26,4665600,3.30893617021277
1984,8,27,4320000,3.06382978723404
1984,8,28,5097600,3.61531914893617
1984,8,29,4838400,3.43148936170213
1984,8,30,4492800,3.1863829787234
1984,8,31,3974400,2.81872340425532
1984,9,1,3974400,2.81872340425532
1984,9,2,3801600,2.69617021276596
1984,9,3,3801600,2.69617021276596
1984,9,4,3715200,2.63489361702128
1984,9,5,3628800,2.5736170212766
1984,9,6,3715200,2.63489361702128
1984,9,7,3542400,2.51234042553192
1984,9,8,3542400,2.51234042553192
1984,9,9,3456000,2.45106382978723
1984,9,10,3283200,2.32851063829787
1984,9,11,3283200,2.32851063829787
1984,9,12,3196800,2.26723404255319
1984,9,13,3024000,2.14468085106383
1984,9,14,3283200,2.32851063829787
1984,9,15,3196800,2.26723404255319
1984,9,16,3110400,2.20595744680851
1984,9,17,2937600,2.08340425531915
1984,9,18,2851200,2.02212765957447
1984,9,19,2851200,2.02212765957447
1984,9,20,2764800,1.96085106382979
1984,9,21,3888000,2.75744680851064
1984,9,22,3456000,2.45106382978723
1984,9,23,3456000,2.45106382978723
1984,9,24,2764800,1.96085106382979
1984,9,25,2678400,1.89957446808511
1984,9,26,2592000,1.83829787234043
1984,9,27,2592000,1.83829787234043
1984,9,28,2592000,1.83829787234043
1984,9,29,6220800,4.41191489361702
1984,9,30,3456000,2.45106382978723
1984,10,1,3024000,2.14468085106383
1984,10,2,3024000,2.14468085106383
1984,10,3,2937600,2.08340425531915
1984,10,4,2937600,2.08340425531915
1984,10,5,2678400,1.89957446808511
1984,10,6,2592000,1.83829787234043
1984,10,7,2505600,1.77702127659574
1984,10,8,2419200,1.71574468085106
1984,10,9,2332800,1.65446808510638
1984,10,10,2332800,1.65446808510638
1984,10,11,2160000,1.53191489361702
1984,10,12,2160000,1.53191489361702
1984,10,13,2160000,1.53191489361702
1984,10,14,2160000,1.53191489361702
1984,10,15,3888000,2.75744680851064
1984,10,16,3456000,2.45106382978723
1984,10,17,3196800,2.26723404255319
1984,10,18,2851200,2.02212765957447
1984,10,19,2419200,1.71574468085106
1984,10,20,2419200,1.71574468085106
1984,10,21,2419200,1.71574468085106
1984,10,22,2332800,1.65446808510638
1984,10,23,2332800,1.65446808510638
1984,10,24,2332800,1.65446808510638
1984,10,25,2246400,1.5931914893617
1984,10,26,2246400,1.5931914893617
1984,10,27,2246400,1.5931914893617
1984,10,28,2160000,1.53191489361702
1984,10,29,2160000,1.53191489361702
1984,10,30,2160000,1.53191489361702
1984,10,31,2160000,1.53191489361702
1984,11,1,2160000,1.53191489361702
1984,11,2,2160000,1.53191489361702
1984,11,3,2160000,1.53191489361702
1984,11,4,2073600,1.47063829787234
1984,11,5,2073600,1.47063829787234
1984,11,6,2073600,1.47063829787234
1984,11,7,2073600,1.47063829787234
1984,11,8,2073600,1.47063829787234
1984,11,9,2073600,1.47063829787234
1984,11,10,2073600,1.47063829787234
1984,11,11,2246400,1.5931914893617
1984,11,12,2505600,1.77702127659574
1984,11,13,3024000,2.14468085106383
1984,11,14,2678400,1.89957446808511
1984,11,15,2419200,1.71574468085106
1984,11,16,2419200,1.71574468085106
1984,11,17,2332800,1.65446808510638
1984,11,18,2332800,1.65446808510638
1984,11,19,4320000,3.06382978723404
1984,11,20,5875200,4.1668085106383
1984,11,21,4147200,2.94127659574468
1984,11,22,4147200,2.94127659574468
1984,11,23,4147200,2.94127659574468
1984,11,24,7862400,5.57617021276596
1984,11,25,8121600,5.76
1984,11,26,7344000,5.20851063829787
1984,11,27,6393600,4.53446808510638
1984,11,28,5875200,4.1668085106383
1984,11,29,8726400,6.18893617021277
1984,11,30,7776000,5.51489361702128
1984,12,1,6825600,4.84085106382979
1984,12,2,5875200,4.1668085106383
1984,12,3,5184000,3.67659574468085
1984,12,4,4406400,3.12510638297872
1984,12,5,3283200,2.32851063829787
1984,12,6,2678400,1.89957446808511
1984,12,7,2505600,1.77702127659574
1984,12,8,2332800,1.65446808510638
1984,12,9,2246400,1.5931914893617
1984,12,10,2246400,1.5931914893617
1984,12,11,2246400,1.5931914893617
1984,12,12,2246400,1.5931914893617
1984,12,13,2246400,1.5931914893617
1984,12,14,2332800,1.65446808510638
1984,12,15,2332800,1.65446808510638
1984,12,16,2246400,1.5931914893617
1984,12,17,2246400,1.5931914893617
1984,12,18,2160000,1.53191489361702
1984,12,19,2160000,1.53191489361702
1984,12,20,2160000,1.53191489361702
1984,12,21,2160000,1.53191489361702
1984,12,22,2160000,1.53191489361702
1984,12,23,2160000,1.53191489361702
1984,12,24,2073600,1.47063829787234
1984,12,25,2073600,1.47063829787234
1984,12,26,2073600,1.47063829787234
1984,12,27,2073600,1.47063829787234
1984,12,28,1987200,1.40936170212766
1984,12,29,1987200,1.40936170212766
1984,12,30,1987200,1.40936170212766
1984,12,31,1987200,1.40936170212766
1985,1,1,1987200,1.40936170212766
1985,1,2,1987200,1.40936170212766
1985,1,3,1987200,1.40936170212766
1985,1,4,1987200,1.40936170212766
1985,1,5,2592000,1.83829787234043
1985,1,6,3196800,2.26723404255319
1985,1,7,2937600,2.08340425531915
1985,1,8,2678400,1.89957446808511
1985,1,9,2505600,1.77702127659574
1985,1,10,3801600,2.69617021276596
1985,1,11,9244800,6.55659574468085
1985,1,12,6048000,4.28936170212766
1985,1,13,4492800,3.1863829787234
1985,1,14,4233600,3.00255319148936
1985,1,15,3542400,2.51234042553192
1985,1,16,3542400,2.51234042553192
1985,1,17,3888000,2.75744680851064
1985,1,18,5961600,4.22808510638298
1985,1,19,7344000,5.20851063829787
1985,1,20,7084800,5.02468085106383
1985,1,21,3974400,2.81872340425532
1985,1,22,3456000,2.45106382978723
1985,1,23,3456000,2.45106382978723
1985,1,24,3196800,2.26723404255319
1985,1,25,2937600,2.08340425531915
1985,1,26,2851200,2.02212765957447
1985,1,27,2851200,2.02212765957447
1985,1,28,2764800,1.96085106382979
1985,1,29,2764800,1.96085106382979
1985,1,30,3110400,2.20595744680851
1985,1,31,3024000,2.14468085106383
1985,2,1,3542400,2.51234042553192
1985,2,2,3283200,2.32851063829787
1985,2,3,3110400,2.20595744680851
1985,2,4,2937600,2.08340425531915
1985,2,5,2851200,2.02212765957447
1985,2,6,2592000,1.83829787234043
1985,2,7,2505600,1.77702127659574
1985,2,8,2505600,1.77702127659574
1985,2,9,2419200,1.71574468085106
1985,2,10,2332800,1.65446808510638
1985,2,11,2332800,1.65446808510638
1985,2,12,4752000,3.37021276595745
1985,2,13,5875200,4.1668085106383
1985,2,14,9244800,6.55659574468085
1985,2,15,9244800,6.55659574468085
1985,2,16,9244800,6.55659574468085
1985,2,17,7862400,5.57617021276596
1985,2,18,6480000,4.59574468085106
1985,2,19,5356800,3.79914893617021
1985,2,20,3974400,2.81872340425532
1985,2,21,3283200,2.32851063829787
1985,2,22,3110400,2.20595744680851
1985,2,23,3110400,2.20595744680851
1985,2,24,2937600,2.08340425531915
1985,2,25,2851200,2.02212765957447
1985,2,26,2592000,1.83829787234043
1985,2,27,2505600,1.77702127659574
1985,2,28,2419200,1.71574468085106
1985,3,1,2505600,1.77702127659574
1985,3,2,2419200,1.71574468085106
1985,3,3,2419200,1.71574468085106
1985,3,4,2332800,1.65446808510638
1985,3,5,2332800,1.65446808510638
1985,3,6,2332800,1.65446808510638
1985,3,7,2246400,1.5931914893617
1985,3,8,2246400,1.5931914893617
1985,3,9,2160000,1.53191489361702
1985,3,10,2160000,1.53191489361702
1985,3,11,2160000,1.53191489361702
1985,3,12,2073600,1.47063829787234
1985,3,13,2073600,1.47063829787234
1985,3,14,2160000,1.53191489361702
1985,3,15,2160000,1.53191489361702
1985,3,16,2246400,1.5931914893617
1985,3,17,2332800,1.65446808510638
1985,3,18,2678400,1.89957446808511
1985,3,19,3456000,2.45106382978723
1985,3,20,4233600,3.00255319148936
1985,3,21,9590400,6.80170212765957
1985,3,22,7689600,5.4536170212766
1985,3,23,7689600,5.4536170212766
1985,3,24,5875200,4.1668085106383
1985,3,25,5270400,3.73787234042553
1985,3,26,4233600,3.00255319148936
1985,3,27,4060800,2.88
1985,3,28,3801600,2.69617021276596
1985,3,29,3715200,2.63489361702128
1985,3,30,3888000,2.75744680851064
1985,3,31,4924800,3.49276595744681
1985,4,1,6566400,4.65702127659574
1985,4,2,6652800,4.71829787234043
1985,4,3,6307200,4.4731914893617
1985,4,4,6825600,4.84085106382979
1985,4,5,6998400,4.96340425531915
1985,4,6,7430400,5.26978723404255
1985,4,7,7862400,5.57617021276596
1985,4,8,8899200,6.31148936170213
1985,4,9,15379200,10.9072340425532
1985,4,10,12009600,8.51744680851064
1985,4,11,13996800,9.9268085106383
1985,4,12,15465600,10.9685106382979
1985,4,13,15206400,10.7846808510638
1985,4,14,14947200,10.6008510638298
1985,4,15,15120000,10.7234042553191
1985,4,16,14774400,10.4782978723404
1985,4,17,15120000,10.7234042553191
1985,4,18,15465600,10.9685106382979
1985,4,19,15120000,10.7234042553191
1985,4,20,16070400,11.3974468085106
1985,4,21,20563200,14.583829787234
1985,4,22,25660800,18.1991489361702
1985,4,23,25660800,18.1991489361702
1985,4,24,21168000,15.0127659574468
1985,4,25,19267200,13.6646808510638
1985,4,26,16416000,11.6425531914894
1985,4,27,14947200,10.6008510638298
1985,4,28,16070400,11.3974468085106
1985,4,29,18403200,13.051914893617
1985,4,30,21168000,15.0127659574468
1985,5,1,21168000,15.0127659574468
1985,5,2,19440000,13.7872340425532
1985,5,3,18576000,13.1744680851064
1985,5,4,17107200,12.1327659574468
1985,5,5,16070400,11.3974468085106
1985,5,6,15206400,10.7846808510638
1985,5,7,15465600,10.9685106382979
1985,5,8,19094400,13.5421276595745
1985,5,9,28512000,20.2212765957447
1985,5,10,29894400,21.2017021276596
1985,5,11,30153600,21.3855319148936
1985,5,12,30672000,21.7531914893617
1985,5,13,22204800,15.748085106383
1985,5,14,31363200,22.2434042553191
1985,5,15,32140800,22.7948936170213
1985,5,16,32659200,23.1625531914894
1985,5,17,31104000,22.0595744680851
1985,5,18,27388800,19.4246808510638
1985,5,19,23328000,16.5446808510638
1985,5,20,29894400,21.2017021276596
1985,5,21,28944000,20.5276595744681
1985,5,22,27388800,19.4246808510638
1985,5,23,27388800,19.4246808510638
1985,5,24,21859200,15.5029787234043
1985,5,25,21168000,15.0127659574468
1985,5,26,22464000,15.931914893617
1985,5,27,21859200,15.5029787234043
1985,5,28,20390400,14.4612765957447
1985,5,29,19872000,14.0936170212766
1985,5,30,19872000,14.0936170212766
1985,5,31,18748800,13.2970212765957
1985,6,1,18921600,13.4195744680851
1985,6,2,17798400,12.6229787234043
1985,6,3,16934400,12.0102127659574
1985,6,4,16416000,11.6425531914894
1985,6,5,15465600,10.9685106382979
1985,6,6,16070400,11.3974468085106
1985,6,7,25228800,17.8927659574468
1985,6,8,22204800,15.748085106383
1985,6,9,25401600,18.0153191489362
1985,6,10,18403200,13.051914893617
1985,6,11,16502400,11.703829787234
1985,6,12,15638400,11.0910638297872
1985,6,13,15206400,10.7846808510638
1985,6,14,14256000,10.1106382978723
1985,6,15,13996800,9.9268085106383
1985,6,16,13996800,9.9268085106383
1985,6,17,13392000,9.49787234042553
1985,6,18,13737600,9.74297872340426
1985,6,19,20563200,14.583829787234
1985,6,20,29203200,20.7114893617021
1985,6,21,21168000,15.0127659574468
1985,6,22,19872000,14.0936170212766
1985,6,23,19872000,14.0936170212766
1985,6,24,20044800,14.216170212766
1985,6,25,20217600,14.3387234042553
1985,6,26,22636800,16.0544680851064
1985,6,27,36633600,25.9812765957447
1985,6,28,24796800,17.5863829787234
1985,6,29,16416000,11.6425531914894
1985,6,30,13996800,9.9268085106383
1985,7,1,13564800,9.62042553191489
1985,7,2,13305600,9.43659574468085
1985,7,3,13046400,9.25276595744681
1985,7,4,12787200,9.06893617021277
1985,7,5,28944000,20.5276595744681
1985,7,6,19872000,14.0936170212766
1985,7,7,15897600,11.2748936170213
1985,7,8,12873600,9.13021276595745
1985,7,9,12355200,8.76255319148936
1985,7,10,11577600,8.21106382978724
1985,7,11,11318400,8.02723404255319
1985,7,12,11059200,7.84340425531915
1985,7,13,10022400,7.10808510638298
1985,7,14,9849600,6.98553191489362
1985,7,15,9244800,6.55659574468085
1985,7,16,8899200,6.31148936170213
1985,7,17,8726400,6.18893617021277
1985,7,18,9244800,6.55659574468085
1985,7,19,13996800,9.9268085106383
1985,7,20,12268800,8.70127659574468
1985,7,21,10886400,7.72085106382979
1985,7,22,9849600,6.98553191489362
1985,7,23,9849600,6.98553191489362
1985,7,24,7948800,5.63744680851064
1985,7,25,7689600,5.4536170212766
1985,7,26,7516800,5.33106382978723
1985,7,27,7084800,5.02468085106383
1985,7,28,6480000,4.59574468085106
1985,7,29,6220800,4.41191489361702
1985,7,30,5702400,4.04425531914894
1985,7,31,5097600,3.61531914893617
1985,8,1,6048000,4.28936170212766
1985,8,2,5875200,4.1668085106383
1985,8,3,5702400,4.04425531914894
1985,8,4,5616000,3.98297872340426
1985,8,5,5270400,3.73787234042553
1985,8,6,5097600,3.61531914893617
1985,8,7,13046400,9.25276595744681
1985,8,8,10886400,7.72085106382979
1985,8,9,8726400,6.18893617021277
1985,8,10,6825600,4.84085106382979
1985,8,11,5184000,3.67659574468085
1985,8,12,4752000,3.37021276595745
1985,8,13,4492800,3.1863829787234
1985,8,14,4233600,3.00255319148936
1985,8,15,3974400,2.81872340425532
1985,8,16,3974400,2.81872340425532
1985,8,17,3888000,2.75744680851064
1985,8,18,3628800,2.5736170212766
1985,8,19,3542400,2.51234042553192
1985,8,20,13046400,9.25276595744681
1985,8,21,7344000,5.20851063829787
1985,8,22,6307200,4.4731914893617
1985,8,23,6307200,4.4731914893617
1985,8,24,4492800,3.1863829787234
1985,8,25,3888000,2.75744680851064
1985,8,26,3542400,2.51234042553192
1985,8,27,3542400,2.51234042553192
1985,8,28,3456000,2.45106382978723
1985,8,29,3369600,2.38978723404255
1985,8,30,3369600,2.38978723404255
1985,8,31,3283200,2.32851063829787
1985,9,1,3283200,2.32851063829787
1985,9,2,3283200,2.32851063829787
1985,9,3,3110400,2.20595744680851
1985,9,4,3024000,2.14468085106383
1985,9,5,3024000,2.14468085106383
1985,9,6,4147200,2.94127659574468
1985,9,7,4320000,3.06382978723404
1985,9,8,3542400,2.51234042553192
1985,9,9,3283200,2.32851063829787
1985,9,10,3110400,2.20595744680851
1985,9,11,3024000,2.14468085106383
1985,9,12,7776000,5.51489361702128
1985,9,13,12268800,8.70127659574468
1985,9,14,10368000,7.3531914893617
1985,9,15,9504000,6.74042553191489
1985,9,16,9244800,6.55659574468085
1985,9,17,8899200,6.31148936170213
1985,9,18,7171200,5.08595744680851
1985,9,19,6480000,4.59574468085106
1985,9,20,5184000,3.67659574468085
1985,9,21,4579200,3.24765957446809
1985,9,22,4406400,3.12510638297872
1985,9,23,4406400,3.12510638297872
1985,9,24,3715200,2.63489361702128
1985,9,25,3283200,2.32851063829787
1985,9,26,2851200,2.02212765957447
1985,9,27,2505600,1.77702127659574
1985,9,28,2505600,1.77702127659574
1985,9,29,2505600,1.77702127659574
1985,9,30,7516800,5.33106382978723
1985,10,1,6048000,4.28936170212766
1985,10,2,5097600,3.61531914893617
1985,10,3,4924800,3.49276595744681
1985,10,4,4752000,3.37021276595745
1985,10,5,4579200,3.24765957446809
1985,10,6,4492800,3.1863829787234
1985,10,7,4406400,3.12510638297872
1985,10,8,4233600,3.00255319148936
1985,10,9,4147200,2.94127659574468
1985,10,10,3974400,2.81872340425532
1985,10,11,3888000,2.75744680851064
1985,10,12,3974400,2.81872340425532
1985,10,13,4492800,3.1863829787234
1985,10,14,5184000,3.67659574468085
1985,10,15,5011200,3.55404255319149
1985,10,16,5702400,4.04425531914894
1985,10,17,12614400,8.9463829787234
1985,10,18,13737600,9.74297872340426
1985,10,19,12873600,9.13021276595745
1985,10,20,10627200,7.53702127659574
1985,10,21,9590400,6.80170212765957
1985,10,22,8553600,6.0663829787234
1985,10,23,8553600,6.0663829787234
1985,10,24,6220800,4.41191489361702
1985,10,25,5702400,4.04425531914894
1985,10,26,6220800,4.41191489361702
1985,10,27,6912000,4.90212765957447
1985,10,28,6566400,4.65702127659574
1985,10,29,7516800,5.33106382978723
1985,10,30,11318400,8.02723404255319
1985,10,31,10627200,7.53702127659574
1985,11,1,7689600,5.4536170212766
1985,11,2,5616000,3.98297872340426
1985,11,3,4492800,3.1863829787234
1985,11,4,12528000,8.88510638297872
1985,11,5,17798400,12.6229787234043
1985,11,6,16848000,11.9489361702128
1985,11,7,16416000,11.6425531914894
1985,11,8,20217600,14.3387234042553
1985,11,9,25660800,18.1991489361702
1985,11,10,19440000,13.7872340425532
1985,11,11,18921600,13.4195744680851
1985,11,12,17971200,12.7455319148936
1985,11,13,15811200,11.2136170212766
1985,11,14,15206400,10.7846808510638
1985,11,15,14947200,10.6008510638298
1985,11,16,22291200,15.8093617021277
1985,11,17,21168000,15.0127659574468
1985,11,18,16070400,11.3974468085106
1985,11,19,11491200,8.14978723404255
1985,11,20,7948800,5.63744680851064
1985,11,21,7344000,5.20851063829787
1985,11,22,6825600,4.84085106382979
1985,11,23,6825600,4.84085106382979
1985,11,24,5184000,3.67659574468085
1985,11,25,5097600,3.61531914893617
1985,11,26,5875200,4.1668085106383
1985,11,27,6998400,4.96340425531915
1985,11,28,13132800,9.31404255319149
1985,11,29,16848000,11.9489361702128
1985,11,30,18057600,12.8068085106383
1985,12,1,16502400,11.703829787234
1985,12,2,14428800,10.2331914893617
1985,12,3,11059200,7.84340425531915
1985,12,4,8294400,5.88255319148936
1985,12,5,7084800,5.02468085106383
1985,12,6,6652800,4.71829787234043
1985,12,7,6566400,4.65702127659574
1985,12,8,6220800,4.41191489361702
1985,12,9,5616000,3.98297872340426
1985,12,10,5184000,3.67659574468085
1985,12,11,5270400,3.73787234042553
1985,12,12,5097600,3.61531914893617
1985,12,13,4838400,3.43148936170213
1985,12,14,4665600,3.30893617021277
1985,12,15,4492800,3.1863829787234
1985,12,16,4320000,3.06382978723404
1985,12,17,4579200,3.24765957446809
1985,12,18,5616000,3.98297872340426
1985,12,19,4579200,3.24765957446809
1985,12,20,3974400,2.81872340425532
1985,12,21,3888000,2.75744680851064
1985,12,22,3542400,2.51234042553192
1985,12,23,3542400,2.51234042553192
1985,12,24,3369600,2.38978723404255
1985,12,25,3196800,2.26723404255319
1985,12,26,3024000,2.14468085106383
1985,12,27,2851200,2.02212765957447
1985,12,28,2851200,2.02212765957447
1985,12,29,2937600,2.08340425531915
1985,12,30,2937600,2.08340425531915
1985,12,31,2851200,2.02212765957447
1986,1,1,2851200,2.02212765957447
1986,1,2,2937600,2.08340425531915
1986,1,3,5443200,3.86042553191489
1986,1,4,6825600,4.84085106382979
1986,1,5,6134400,4.35063829787234
1986,1,6,5270400,3.73787234042553
1986,1,7,4665600,3.30893617021277
1986,1,8,4320000,3.06382978723404
1986,1,9,4233600,3.00255319148936
1986,1,10,3974400,2.81872340425532
1986,1,11,3542400,2.51234042553192
1986,1,12,3456000,2.45106382978723
1986,1,13,3369600,2.38978723404255
1986,1,14,3196800,2.26723404255319
1986,1,15,3801600,2.69617021276596
1986,1,16,5616000,3.98297872340426
1986,1,17,5270400,3.73787234042553
1986,1,18,6912000,4.90212765957447
1986,1,19,5356800,3.79914893617021
1986,1,20,4579200,3.24765957446809
1986,1,21,4060800,2.88
1986,1,22,3888000,2.75744680851064
1986,1,23,3888000,2.75744680851064
1986,1,24,3542400,2.51234042553192
1986,1,25,3369600,2.38978723404255
1986,1,26,3283200,2.32851063829787
1986,1,27,3110400,2.20595744680851
1986,1,28,3024000,2.14468085106383
1986,1,29,3024000,2.14468085106383
1986,1,30,3110400,2.20595744680851
1986,1,31,3024000,2.14468085106383
1986,2,1,3024000,2.14468085106383
1986,2,2,2937600,2.08340425531915
1986,2,3,2937600,2.08340425531915
1986,2,4,2851200,2.02212765957447
1986,2,5,2764800,1.96085106382979
1986,2,6,2678400,1.89957446808511
1986,2,7,2592000,1.83829787234043
1986,2,8,2592000,1.83829787234043
1986,2,9,2505600,1.77702127659574
1986,2,10,2505600,1.77702127659574
1986,2,11,2505600,1.77702127659574
1986,2,12,2505600,1.77702127659574
1986,2,13,2419200,1.71574468085106
1986,2,14,2419200,1.71574468085106
1986,2,15,2419200,1.71574468085106
1986,2,16,2332800,1.65446808510638
1986,2,17,2332800,1.65446808510638
1986,2,18,2332800,1.65446808510638
1986,2,19,2592000,1.83829787234043
1986,2,20,3283200,2.32851063829787
1986,2,21,3542400,2.51234042553192
1986,2,22,9936000,7.0468085106383
1986,2,23,9936000,7.0468085106383
1986,2,24,8553600,6.0663829787234
1986,2,25,8294400,5.88255319148936
1986,2,26,9158400,6.49531914893617
1986,2,27,17107200,12.1327659574468
1986,2,28,13996800,9.9268085106383
1986,3,1,10022400,7.10808510638298
1986,3,2,5875200,4.1668085106383
1986,3,3,5011200,3.55404255319149
1986,3,4,4752000,3.37021276595745
1986,3,5,4233600,3.00255319148936
1986,3,6,4579200,3.24765957446809
1986,3,7,5270400,3.73787234042553
1986,3,8,5702400,4.04425531914894
1986,3,9,5875200,4.1668085106383
1986,3,10,5875200,4.1668085106383
1986,3,11,6048000,4.28936170212766
1986,3,12,5961600,4.22808510638298
1986,3,13,5443200,3.86042553191489
1986,3,14,5097600,3.61531914893617
1986,3,15,4665600,3.30893617021277
1986,3,16,4406400,3.12510638297872
1986,3,17,4060800,2.88
1986,3,18,3974400,2.81872340425532
1986,3,19,3542400,2.51234042553192
1986,3,20,3542400,2.51234042553192
1986,3,21,3542400,2.51234042553192
1986,3,22,3542400,2.51234042553192
1986,3,23,3542400,2.51234042553192
1986,3,24,3456000,2.45106382978723
1986,3,25,3542400,2.51234042553192
1986,3,26,4838400,3.43148936170213
1986,3,27,5616000,3.98297872340426
1986,3,28,6825600,4.84085106382979
1986,3,29,7516800,5.33106382978723
1986,3,30,8208000,5.82127659574468
1986,3,31,8553600,6.0663829787234
1986,4,1,9158400,6.49531914893617
1986,4,2,10281600,7.29191489361702
1986,4,3,10713600,7.59829787234043
1986,4,4,10972800,7.78212765957447
1986,4,5,11750400,8.3336170212766
1986,4,6,12096000,8.57872340425532
1986,4,7,12268800,8.70127659574468
1986,4,8,12528000,8.88510638297872
1986,4,9,12787200,9.06893617021277
1986,4,10,13046400,9.25276595744681
1986,4,11,13132800,9.31404255319149
1986,4,12,13305600,9.43659574468085
1986,4,13,13392000,9.49787234042553
1986,4,14,13564800,9.62042553191489
1986,4,15,13564800,9.62042553191489
1986,4,16,20390400,14.4612765957447
1986,4,17,27475200,19.4859574468085
1986,4,18,21168000,15.0127659574468
1986,4,19,16502400,11.703829787234
1986,4,20,13737600,9.74297872340426
1986,4,21,13046400,9.25276595744681
1986,4,22,18748800,13.2970212765957
1986,4,23,18748800,13.2970212765957
1986,4,24,17712000,12.5617021276596
1986,4,25,17020800,12.0714893617021
1986,4,26,16502400,11.703829787234
1986,4,27,15984000,11.336170212766
1986,4,28,15465600,10.9685106382979
1986,4,29,16070400,11.3974468085106
1986,4,30,17280000,12.2553191489362
1986,5,1,17280000,12.2553191489362
1986,5,2,16588800,11.7651063829787
1986,5,3,22032000,15.6255319148936
1986,5,4,23587200,16.7285106382979
1986,5,5,16848000,11.9489361702128
1986,5,6,15465600,10.9685106382979
1986,5,7,12960000,9.19148936170213
1986,5,8,13046400,9.25276595744681
1986,5,9,13132800,9.31404255319149
1986,5,10,13305600,9.43659574468085
1986,5,11,13305600,9.43659574468085
1986,5,12,13564800,9.62042553191489
1986,5,13,13651200,9.68170212765957
1986,5,14,13737600,9.74297872340426
1986,5,15,13651200,9.68170212765957
1986,5,16,13910400,9.86553191489362
1986,5,17,14256000,10.1106382978723
1986,5,18,14774400,10.4782978723404
1986,5,19,14947200,10.6008510638298
1986,5,20,15292800,10.8459574468085
1986,5,21,16329600,11.5812765957447
1986,5,22,16502400,11.703829787234
1986,5,23,16502400,11.703829787234
1986,5,24,16848000,11.9489361702128
1986,5,25,17280000,12.2553191489362
1986,5,26,17625600,12.5004255319149
1986,5,27,17712000,12.5617021276596
1986,5,28,18489600,13.1131914893617
1986,5,29,19094400,13.5421276595745
1986,5,30,19180800,13.6034042553191
1986,5,31,27475200,19.4859574468085
1986,6,1,22291200,15.8093617021277
1986,6,2,18921600,13.4195744680851
1986,6,3,19094400,13.5421276595745
1986,6,4,18489600,13.1131914893617
1986,6,5,19180800,13.6034042553191
1986,6,6,19612800,13.9097872340426
1986,6,7,20390400,14.4612765957447
1986,6,8,19958400,14.1548936170213
1986,6,9,19785600,14.0323404255319
1986,6,10,19094400,13.5421276595745
1986,6,11,18576000,13.1744680851064
1986,6,12,17452800,12.3778723404255
1986,6,13,17107200,12.1327659574468
1986,6,14,16848000,11.9489361702128
1986,6,15,16848000,11.9489361702128
1986,6,16,15465600,10.9685106382979
1986,6,17,14947200,10.6008510638298
1986,6,18,15206400,10.7846808510638
1986,6,19,13564800,9.62042553191489
1986,6,20,11318400,8.02723404255319
1986,6,21,10022400,7.10808510638298
1986,6,22,10022400,7.10808510638298
1986,6,23,10022400,7.10808510638298
1986,6,24,11232000,7.96595744680851
1986,6,25,11577600,8.21106382978724
1986,6,26,10627200,7.53702127659574
1986,6,27,9417600,6.67914893617021
1986,6,28,9331200,6.61787234042553
1986,6,29,9331200,6.61787234042553
1986,6,30,9158400,6.49531914893617
1986,7,1,9676800,6.86297872340426
1986,7,2,9936000,7.0468085106383
1986,7,3,9936000,7.0468085106383
1986,7,4,10281600,7.29191489361702
1986,7,5,10627200,7.53702127659574
1986,7,6,10886400,7.72085106382979
1986,7,7,10627200,7.53702127659574
1986,7,8,11232000,7.96595744680851
1986,7,9,10627200,7.53702127659574
1986,7,10,10627200,7.53702127659574
1986,7,11,8985600,6.37276595744681
1986,7,12,8294400,5.88255319148936
1986,7,13,8035200,5.69872340425532
1986,7,14,7430400,5.26978723404255
1986,7,15,7862400,5.57617021276596
1986,7,16,7516800,5.33106382978723
1986,7,17,7084800,5.02468085106383
1986,7,18,6998400,4.96340425531915
1986,7,19,6998400,4.96340425531915
1986,7,20,6998400,4.96340425531915
1986,7,21,6825600,4.84085106382979
1986,7,22,6134400,4.35063829787234
1986,7,23,6134400,4.35063829787234
1986,7,24,5616000,3.98297872340426
1986,7,25,5443200,3.86042553191489
1986,7,26,5184000,3.67659574468085
1986,7,27,5011200,3.55404255319149
1986,7,28,4665600,3.30893617021277
1986,7,29,4492800,3.1863829787234
1986,7,30,11923200,8.45617021276596
1986,7,31,9417600,6.67914893617021
1986,8,1,6998400,4.96340425531915
1986,8,2,5788800,4.10553191489362
1986,8,3,5184000,3.67659574468085
1986,8,4,4752000,3.37021276595745
1986,8,5,4492800,3.1863829787234
1986,8,6,4406400,3.12510638297872
1986,8,7,4406400,3.12510638297872
1986,8,8,4406400,3.12510638297872
1986,8,9,4233600,3.00255319148936
1986,8,10,4406400,3.12510638297872
1986,8,11,3974400,2.81872340425532
1986,8,12,3715200,2.63489361702128
1986,8,13,3715200,2.63489361702128
1986,8,14,4406400,3.12510638297872
1986,8,15,4147200,2.94127659574468
1986,8,16,3628800,2.5736170212766
1986,8,17,3628800,2.5736170212766
1986,8,18,4838400,3.43148936170213
1986,8,19,4147200,2.94127659574468
1986,8,20,3542400,2.51234042553192
1986,8,21,3369600,2.38978723404255
1986,8,22,3369600,2.38978723404255
1986,8,23,3369600,2.38978723404255
1986,8,24,3196800,2.26723404255319
1986,8,25,3110400,2.20595744680851
1986,8,26,2937600,2.08340425531915
1986,8,27,2678400,1.89957446808511
1986,8,28,2678400,1.89957446808511
1986,8,29,2678400,1.89957446808511
1986,8,30,2592000,1.83829787234043
1986,8,31,2592000,1.83829787234043
1986,9,1,2419200,1.71574468085106
1986,9,2,2419200,1.71574468085106
1986,9,3,2332800,1.65446808510638
1986,9,4,2332800,1.65446808510638
1986,9,5,2332800,1.65446808510638
1986,9,6,3974400,2.81872340425532
1986,9,7,3628800,2.5736170212766
1986,9,8,2419200,1.71574468085106
1986,9,9,2332800,1.65446808510638
1986,9,10,2246400,1.5931914893617
1986,9,11,2160000,1.53191489361702
1986,9,12,2160000,1.53191489361702
1986,9,13,2160000,1.53191489361702
1986,9,14,2073600,1.47063829787234
1986,9,15,1987200,1.40936170212766
1986,9,16,1987200,1.40936170212766
1986,9,17,1987200,1.40936170212766
1986,9,18,1987200,1.40936170212766
1986,9,19,1987200,1.40936170212766
1986,9,20,1987200,1.40936170212766
1986,9,21,1987200,1.40936170212766
1986,9,22,1900800,1.34808510638298
1986,9,23,1900800,1.34808510638298
1986,9,24,1900800,1.34808510638298
1986,9,25,1900800,1.34808510638298
1986,9,26,1900800,1.34808510638298
1986,9,27,1900800,1.34808510638298
1986,9,28,1900800,1.34808510638298
1986,9,29,1900800,1.34808510638298
1986,9,30,1900800,1.34808510638298
1986,10,1,1900800,1.34808510638298
1986,10,2,1900800,1.34808510638298
1986,10,3,2073600,1.47063829787234
1986,10,4,2678400,1.89957446808511
1986,10,5,3888000,2.75744680851064
1986,10,6,3283200,2.32851063829787
1986,10,7,2160000,1.53191489361702
1986,10,8,2073600,1.47063829787234
1986,10,9,1987200,1.40936170212766
1986,10,10,1900800,1.34808510638298
1986,10,11,1900800,1.34808510638298
1986,10,12,1900800,1.34808510638298
1986,10,13,1900800,1.34808510638298
1986,10,14,1900800,1.34808510638298
1986,10,15,1900800,1.34808510638298
1986,10,16,1900800,1.34808510638298
1986,10,17,1900800,1.34808510638298
1986,10,18,1900800,1.34808510638298
1986,10,19,1900800,1.34808510638298
1986,10,20,1900800,1.34808510638298
1986,10,21,2073600,1.47063829787234
1986,10,22,6825600,4.84085106382979
1986,10,23,6825600,4.84085106382979
1986,10,24,11836800,8.39489361702128
1986,10,25,5270400,3.73787234042553
1986,10,26,2764800,1.96085106382979
1986,10,27,2419200,1.71574468085106
1986,10,28,2246400,1.5931914893617
1986,10,29,2246400,1.5931914893617
1986,10,30,3110400,2.20595744680851
1986,10,31,3542400,2.51234042553192
1986,11,1,3542400,2.51234042553192
1986,11,2,3888000,2.75744680851064
1986,11,3,5097600,3.61531914893617
1986,11,4,6307200,4.4731914893617
1986,11,5,7344000,5.20851063829787
1986,11,6,7603200,5.39234042553192
1986,11,7,7948800,5.63744680851064
1986,11,8,8467200,6.00510638297872
1986,11,9,9936000,7.0468085106383
1986,11,10,7430400,5.26978723404255
1986,11,11,5270400,3.73787234042553
1986,11,12,3715200,2.63489361702128
1986,11,13,3369600,2.38978723404255
1986,11,14,2851200,2.02212765957447
1986,11,15,2332800,1.65446808510638
1986,11,16,2332800,1.65446808510638
1986,11,17,2332800,1.65446808510638
1986,11,18,2332800,1.65446808510638
1986,11,19,2332800,1.65446808510638
1986,11,20,2332800,1.65446808510638
1986,11,21,2332800,1.65446808510638
1986,11,22,2332800,1.65446808510638
1986,11,23,2332800,1.65446808510638
1986,11,24,2160000,1.53191489361702
1986,11,25,2160000,1.53191489361702
1986,11,26,2160000,1.53191489361702
1986,11,27,2073600,1.47063829787234
1986,11,28,2073600,1.47063829787234
1986,11,29,2073600,1.47063829787234
1986,11,30,2073600,1.47063829787234
1986,12,1,2073600,1.47063829787234
1986,12,2,2073600,1.47063829787234
1986,12,3,1987200,1.40936170212766
1986,12,4,1987200,1.40936170212766
1986,12,5,1987200,1.40936170212766
1986,12,6,1987200,1.40936170212766
1986,12,7,1987200,1.40936170212766
1986,12,8,1987200,1.40936170212766
1986,12,9,1987200,1.40936170212766
1986,12,10,1987200,1.40936170212766
1986,12,11,1987200,1.40936170212766
1986,12,12,1987200,1.40936170212766
1986,12,13,1987200,1.40936170212766
1986,12,14,1987200,1.40936170212766
1986,12,15,1987200,1.40936170212766
1986,12,16,1987200,1.40936170212766
1986,12,17,1987200,1.40936170212766
1986,12,18,1987200,1.40936170212766
1986,12,19,1987200,1.40936170212766
1986,12,20,1987200,1.40936170212766
1986,12,21,1987200,1.40936170212766
1986,12,22,1987200,1.40936170212766
1986,12,23,1987200,1.40936170212766
1986,12,24,5443200,3.86042553191489
1986,12,25,4579200,3.24765957446809
1986,12,26,5443200,3.86042553191489
1986,12,27,6307200,4.4731914893617
1986,12,28,5961600,4.22808510638298
1986,12,29,5097600,3.61531914893617
1986,12,30,4492800,3.1863829787234
1986,12,31,3801600,2.69617021276596
1987,1,1,3974400,2.81872340425532
1987,1,2,3801600,2.69617021276596
1987,1,3,3801600,2.69617021276596
1987,1,4,3715200,2.63489361702128
1987,1,5,4406400,3.12510638297872
1987,1,6,4838400,3.43148936170213
1987,1,7,4838400,3.43148936170213
1987,1,8,5356800,3.79914893617021
1987,1,9,5788800,4.10553191489362
1987,1,10,7603200,5.39234042553192
1987,1,11,6652800,4.71829787234043
1987,1,12,6048000,4.28936170212766
1987,1,13,5097600,3.61531914893617
1987,1,14,4665600,3.30893617021277
1987,1,15,4233600,3.00255319148936
1987,1,16,4060800,2.88
1987,1,17,4060800,2.88
1987,1,18,3974400,2.81872340425532
1987,1,19,3974400,2.81872340425532
1987,1,20,3974400,2.81872340425532
1987,1,21,3974400,2.81872340425532
1987,1,22,3974400,2.81872340425532
1987,1,23,3974400,2.81872340425532
1987,1,24,3715200,2.63489361702128
1987,1,25,3283200,2.32851063829787
1987,1,26,3024000,2.14468085106383
1987,1,27,2678400,1.89957446808511
1987,1,28,2592000,1.83829787234043
1987,1,29,4406400,3.12510638297872
1987,1,30,12441600,8.82382978723404
1987,1,31,15552000,11.0297872340426
1987,2,1,10627200,7.53702127659574
1987,2,2,9072000,6.43404255319149
1987,2,3,7257600,5.14723404255319
1987,2,4,6566400,4.65702127659574
1987,2,5,6048000,4.28936170212766
1987,2,6,5270400,3.73787234042553
1987,2,7,4838400,3.43148936170213
1987,2,8,4406400,3.12510638297872
1987,2,9,4233600,3.00255319148936
1987,2,10,3974400,2.81872340425532
1987,2,11,3974400,2.81872340425532
1987,2,12,3801600,2.69617021276596
1987,2,13,3715200,2.63489361702128
1987,2,14,3542400,2.51234042553192
1987,2,15,3542400,2.51234042553192
1987,2,16,3715200,2.63489361702128
1987,2,17,4233600,3.00255319148936
1987,2,18,4924800,3.49276595744681
1987,2,19,5270400,3.73787234042553
1987,2,20,5961600,4.22808510638298
1987,2,21,6393600,4.53446808510638
1987,2,22,6220800,4.41191489361702
1987,2,23,6220800,4.41191489361702
1987,2,24,5616000,3.98297872340426
1987,2,25,9676800,6.86297872340426
1987,2,26,8899200,6.31148936170213
1987,2,27,6739200,4.77957446808511
1987,2,28,4579200,3.24765957446809
1987,3,1,3715200,2.63489361702128
1987,3,2,3715200,2.63489361702128
1987,3,3,3715200,2.63489361702128
1987,3,4,3628800,2.5736170212766
1987,3,5,3369600,2.38978723404255
1987,3,6,3628800,2.5736170212766
1987,3,7,3801600,2.69617021276596
1987,3,8,4320000,3.06382978723404
1987,3,9,4406400,3.12510638297872
1987,3,10,4406400,3.12510638297872
1987,3,11,4233600,3.00255319148936
1987,3,12,4233600,3.00255319148936
1987,3,13,3888000,2.75744680851064
1987,3,14,3628800,2.5736170212766
1987,3,15,3283200,2.32851063829787
1987,3,16,3110400,2.20595744680851
1987,3,17,3024000,2.14468085106383
1987,3,18,2937600,2.08340425531915
1987,3,19,2764800,1.96085106382979
1987,3,20,2678400,1.89957446808511
1987,3,21,2678400,1.89957446808511
1987,3,22,2678400,1.89957446808511
1987,3,23,2678400,1.89957446808511
1987,3,24,3542400,2.51234042553192
1987,3,25,4147200,2.94127659574468
1987,3,26,4147200,2.94127659574468
1987,3,27,4147200,2.94127659574468
1987,3,28,4147200,2.94127659574468
1987,3,29,4147200,2.94127659574468
1987,3,30,4233600,3.00255319148936
1987,3,31,4579200,3.24765957446809
1987,4,1,4752000,3.37021276595745
1987,4,2,5788800,4.10553191489362
1987,4,3,7603200,5.39234042553192
1987,4,4,8553600,6.0663829787234
1987,4,5,7430400,5.26978723404255
1987,4,6,6566400,4.65702127659574
1987,4,7,7084800,5.02468085106383
1987,4,8,8553600,6.0663829787234
1987,4,9,6998400,4.96340425531915
1987,4,10,8553600,6.0663829787234
1987,4,11,10022400,7.10808510638298
1987,4,12,13564800,9.62042553191489
1987,4,13,16070400,11.3974468085106
1987,4,14,12528000,8.88510638297872
1987,4,15,12960000,9.19148936170213
1987,4,16,12441600,8.82382978723404
1987,4,17,22291200,15.8093617021277
1987,4,18,16588800,11.7651063829787
1987,4,19,13392000,9.49787234042553
1987,4,20,11232000,7.96595744680851
1987,4,21,9763200,6.92425531914894
1987,4,22,9158400,6.49531914893617
1987,4,23,9158400,6.49531914893617
1987,4,24,17107200,12.1327659574468
1987,4,25,13564800,9.62042553191489
1987,4,26,12182400,8.64
1987,4,27,10368000,7.3531914893617
1987,4,28,9936000,7.0468085106383
1987,4,29,10713600,7.59829787234043
1987,4,30,13737600,9.74297872340426
1987,5,1,21168000,15.0127659574468
1987,5,2,26611200,18.8731914893617
1987,5,3,26179200,18.5668085106383
1987,5,4,21340800,15.1353191489362
1987,5,5,20390400,14.4612765957447
1987,5,6,20131200,14.2774468085106
1987,5,7,22032000,15.6255319148936
1987,5,8,24537600,17.4025531914894
1987,5,9,36806400,26.103829787234
1987,5,10,38016000,26.9617021276596
1987,5,11,31622400,22.4272340425532
1987,5,12,26784000,18.9957446808511
1987,5,13,27475200,19.4859574468085
1987,5,14,26784000,18.9957446808511
1987,5,15,32140800,22.7948936170213
1987,5,16,34560000,24.5106382978723
1987,5,17,35683200,25.3072340425532
1987,5,18,36288000,25.736170212766
1987,5,19,35424000,25.1234042553192
1987,5,20,39744000,28.1872340425532
1987,5,21,41385600,29.3514893617021
1987,5,22,43459200,30.8221276595745
1987,5,23,43459200,30.8221276595745
1987,5,24,41126400,29.1676595744681
1987,5,25,42076800,29.8417021276596
1987,5,26,33436800,23.7140425531915
1987,5,27,43804800,31.0672340425532
1987,5,28,39398400,27.9421276595745
1987,5,29,32659200,23.1625531914894
1987,5,30,30672000,21.7531914893617
1987,5,31,33696000,23.8978723404255
1987,6,1,51408000,36.4595744680851
1987,6,2,75168000,53.3106382978723
1987,6,3,43804800,31.0672340425532
1987,6,4,31104000,22.0595744680851
1987,6,5,26438400,18.7506382978723
1987,6,6,31363200,22.2434042553191
1987,6,7,33436800,23.7140425531915
1987,6,8,38793600,27.5131914893617
1987,6,9,33696000,23.8978723404255
1987,6,10,28944000,20.5276595744681
1987,6,11,30499200,21.6306382978723
1987,6,12,29376000,20.8340425531915
1987,6,13,27475200,19.4859574468085
1987,6,14,28512000,20.2212765957447
1987,6,15,35942400,25.4910638297872
1987,6,16,38275200,27.1455319148936
1987,6,17,40089600,28.4323404255319
1987,6,18,42768000,30.331914893617
1987,6,19,42422400,30.0868085106383
1987,6,20,39744000,28.1872340425532
1987,6,21,38534400,27.3293617021277
1987,6,22,37670400,26.7165957446809
1987,6,23,37670400,26.7165957446809
1987,6,24,43113600,30.5770212765957
1987,6,25,38016000,26.9617021276596
1987,6,26,32400000,22.9787234042553
1987,6,27,32140800,22.7948936170213
1987,6,28,29635200,21.0178723404255
1987,6,29,29635200,21.0178723404255
1987,6,30,25488000,18.0765957446809
1987,7,1,21686400,15.3804255319149
1987,7,2,21859200,15.5029787234043
1987,7,3,20390400,14.4612765957447
1987,7,4,21513600,15.2578723404255
1987,7,5,21513600,15.2578723404255
1987,7,6,21340800,15.1353191489362
1987,7,7,20217600,14.3387234042553
1987,7,8,27907200,19.7923404255319
1987,7,9,66009600,46.8153191489362
1987,7,10,30067200,21.3242553191489
1987,7,11,24883200,17.6476595744681
1987,7,12,22636800,16.0544680851064
1987,7,13,22204800,15.748085106383
1987,7,14,22464000,15.931914893617
1987,7,15,20563200,14.583829787234
1987,7,16,19612800,13.9097872340426
1987,7,17,18489600,13.1131914893617
1987,7,18,18057600,12.8068085106383
1987,7,19,18576000,13.1744680851064
1987,7,20,17625600,12.5004255319149
1987,7,21,16070400,11.3974468085106
1987,7,22,14688000,10.4170212765957
1987,7,23,14688000,10.4170212765957
1987,7,24,13392000,9.49787234042553
1987,7,25,13046400,9.25276595744681
1987,7,26,12960000,9.19148936170213
1987,7,27,13305600,9.43659574468085
1987,7,28,12960000,9.19148936170213
1987,7,29,12441600,8.82382978723404
1987,7,30,13132800,9.31404255319149
1987,7,31,13737600,9.74297872340426
1987,8,1,12441600,8.82382978723404
1987,8,2,12182400,8.64
1987,8,3,11750400,8.3336170212766
1987,8,4,11232000,7.96595744680851
1987,8,5,10713600,7.59829787234043
1987,8,6,10281600,7.29191489361702
1987,8,7,9676800,6.86297872340426
1987,8,8,9158400,6.49531914893617
1987,8,9,8467200,6.00510638297872
1987,8,10,8294400,5.88255319148936
1987,8,11,8380800,5.94382978723404
1987,8,12,7516800,5.33106382978723
1987,8,13,7084800,5.02468085106383
1987,8,14,6739200,4.77957446808511
1987,8,15,8294400,5.88255319148936
1987,8,16,6998400,4.96340425531915
1987,8,17,6566400,4.65702127659574
1987,8,18,8985600,6.37276595744681
1987,8,19,8380800,5.94382978723404
1987,8,20,6739200,4.77957446808511
1987,8,21,6307200,4.4731914893617
1987,8,22,6739200,4.77957446808511
1987,8,23,6739200,4.77957446808511
1987,8,24,15033600,10.6621276595745
1987,8,25,10368000,7.3531914893617
1987,8,26,8467200,6.00510638297872
1987,8,27,7084800,5.02468085106383
1987,8,28,6307200,4.4731914893617
1987,8,29,5961600,4.22808510638298
1987,8,30,6134400,4.35063829787234
1987,8,31,6998400,4.96340425531915
1987,9,1,6393600,4.53446808510638
1987,9,2,6739200,4.77957446808511
1987,9,3,5961600,4.22808510638298
1987,9,4,5270400,3.73787234042553
1987,9,5,5011200,3.55404255319149
1987,9,6,4752000,3.37021276595745
1987,9,7,4579200,3.24765957446809
1987,9,8,4320000,3.06382978723404
1987,9,9,4233600,3.00255319148936
1987,9,10,4060800,2.88
1987,9,11,3974400,2.81872340425532
1987,9,12,3888000,2.75744680851064
1987,9,13,3715200,2.63489361702128
1987,9,14,3628800,2.5736170212766
1987,9,15,3456000,2.45106382978723
1987,9,16,3369600,2.38978723404255
1987,9,17,3196800,2.26723404255319
1987,9,18,3110400,2.20595744680851
1987,9,19,3024000,2.14468085106383
1987,9,20,3024000,2.14468085106383
1987,9,21,2937600,2.08340425531915
1987,9,22,3196800,2.26723404255319
1987,9,23,3196800,2.26723404255319
1987,9,24,2764800,1.96085106382979
1987,9,25,2678400,1.89957446808511
1987,9,26,2678400,1.89957446808511
1987,9,27,2678400,1.89957446808511
1987,9,28,2592000,1.83829787234043
1987,9,29,2592000,1.83829787234043
1987,9,30,2505600,1.77702127659574
1987,10,1,3110400,2.20595744680851
1987,10,2,19526400,13.8485106382979
1987,10,3,12182400,8.64
1987,10,4,7603200,5.39234042553192
1987,10,5,5961600,4.22808510638298
1987,10,6,5184000,3.67659574468085
1987,10,7,3715200,2.63489361702128
1987,10,8,3628800,2.5736170212766
1987,10,9,3542400,2.51234042553192
1987,10,10,3542400,2.51234042553192
1987,10,11,3369600,2.38978723404255
1987,10,12,3196800,2.26723404255319
1987,10,13,3024000,2.14468085106383
1987,10,14,2764800,1.96085106382979
1987,10,15,2592000,1.83829787234043
1987,10,16,2419200,1.71574468085106
1987,10,17,2332800,1.65446808510638
1987,10,18,2246400,1.5931914893617
1987,10,19,2246400,1.5931914893617
1987,10,20,2246400,1.5931914893617
1987,10,21,2160000,1.53191489361702
1987,10,22,2160000,1.53191489361702
1987,10,23,2160000,1.53191489361702
1987,10,24,2160000,1.53191489361702
1987,10,25,2160000,1.53191489361702
1987,10,26,2160000,1.53191489361702
1987,10,27,2160000,1.53191489361702
1987,10,28,2160000,1.53191489361702
1987,10,29,2246400,1.5931914893617
1987,10,30,2419200,1.71574468085106
1987,10,31,2246400,1.5931914893617
1987,11,1,2332800,1.65446808510638
1987,11,2,3369600,2.38978723404255
1987,11,3,4492800,3.1863829787234
1987,11,4,3801600,2.69617021276596
1987,11,5,3369600,2.38978723404255
1987,11,6,2937600,2.08340425531915
1987,11,7,2678400,1.89957446808511
1987,11,8,3110400,2.20595744680851
1987,11,9,2678400,1.89957446808511
1987,11,10,2678400,1.89957446808511
1987,11,11,2937600,2.08340425531915
1987,11,12,3196800,2.26723404255319
1987,11,13,3715200,2.63489361702128
1987,11,14,6307200,4.4731914893617
1987,11,15,7084800,5.02468085106383
1987,11,16,6912000,4.90212765957447
1987,11,17,6393600,4.53446808510638
1987,11,18,5616000,3.98297872340426
1987,11,19,5184000,3.67659574468085
1987,11,20,7084800,5.02468085106383
1987,11,21,13996800,9.9268085106383
1987,11,22,9936000,7.0468085106383
1987,11,23,9936000,7.0468085106383
1987,11,24,7257600,5.14723404255319
1987,11,25,6652800,4.71829787234043
1987,11,26,5443200,3.86042553191489
1987,11,27,5356800,3.79914893617021
1987,11,28,5011200,3.55404255319149
1987,11,29,4492800,3.1863829787234
1987,11,30,4233600,3.00255319148936
1987,12,1,3801600,2.69617021276596
1987,12,2,3715200,2.63489361702128
1987,12,3,3628800,2.5736170212766
1987,12,4,3542400,2.51234042553192
1987,12,5,3628800,2.5736170212766
1987,12,6,3369600,2.38978723404255
1987,12,7,3283200,2.32851063829787
1987,12,8,3196800,2.26723404255319
1987,12,9,4233600,3.00255319148936
1987,12,10,8380800,5.94382978723404
1987,12,11,10281600,7.29191489361702
1987,12,12,8899200,6.31148936170213
1987,12,13,7776000,5.51489361702128
1987,12,14,7344000,5.20851063829787
1987,12,15,7776000,5.51489361702128
1987,12,16,8553600,6.0663829787234
1987,12,17,10972800,7.78212765957447
1987,12,18,14947200,10.6008510638298
1987,12,19,13392000,9.49787234042553
1987,12,20,10368000,7.3531914893617
1987,12,21,7257600,5.14723404255319
1987,12,22,8294400,5.88255319148936
1987,12,23,8294400,5.88255319148936
1987,12,24,9936000,7.0468085106383
1987,12,25,8294400,5.88255319148936
1987,12,26,6652800,4.71829787234043
1987,12,27,5788800,4.10553191489362
1987,12,28,5356800,3.79914893617021
1987,12,29,4838400,3.43148936170213
1987,12,30,4579200,3.24765957446809
1987,12,31,4060800,2.88
